decision:1
cost:1
cost_digits:4
reward_amount:[1.05,1.05,1.05,1.05,1.05,1.05,1.05,1.05,1.05,1.05,1.05,1.05,1.05,1.05,1.05,1.05,1.05,1.05,1.05,1.05,1.05,1.05,1.05,1.05]
size:0
numberOfTrials:12
numberOfBlocks:6
numberOfInstances:24
instanceRandomization:[5,18,19,2,12,11,15,7,9,24,21,1,10,4,17,3,20,8,13,23,14,6,22,16]
numberOfSaccadeTrials:16
numberOfSaccadeBlocks:4
SaccadeRandomization:[3,1,2,0,3,3,0,1,1,2,0,1,2,2,0,3,1,2,3,3,0,0,1,2,2,1,2,0,3,1,0,3,2,0,1,2,3,1,3,0,0,1,0,3,1,2,2,3,3,1,0,2,1,3,0,3,2,1,1,0,0,2,3,2,3,2,1,2,2,3,1,0,0,3,1,0,0,2,1,3,3,2,3,3,1,2,1,2,1,3,0,2,0,1,0,0,1,1,0,2,1,3,2,0,3,3,3,0,1,2,2,0]
