decision:1
cost:1
cost_digits:4
reward_amount:[1.05,1.05,1.05,1.05,1.05,1.05,1.05,1.05,1.05,1.05,1.05,1.05,1.05,1.05,1.05,1.05,1.05,1.05,1.05,1.05,1.05,1.05,1.05,1.05]
size:0
numberOfTrials:12
numberOfBlocks:6
numberOfInstances:24
instanceRandomization:[8,1,10,21,17,18,12,22,6,20,19,11,24,4,16,13,14,5,7,15,2,3,9,23]
numberOfSaccadeTrials:16
numberOfSaccadeBlocks:4
SaccadeRandomization:[3,1,2,1,0,1,2,1,3,3,2,0,3,0,2,0,2,0,1,3,3,2,0,0,3,1,2,0,1,2,1,3,2,2,1,0,3,2,3,2,3,1,0,1,1,0,3,0,1,0,3,3,2,0,3,2,2,0,1,1,3,1,0,2,1,3,0,2,0,0,1,3,2,1,0,1,3,2,3,2,2,0,3,2,3,1,0,1,3,1,1,0,3,2,2,0,3,0,2,2,0,0,2,1,2,1,3,1,0,3,3,1]
