decision:1
cost:1
cost_digits:4
reward_amount:[1.05,1.05,1.05,1.05,1.05,1.05,1.05,1.05,1.05,1.05,1.05,1.05,1.05,1.05,1.05,1.05,1.05,1.05,1.05,1.05,1.05,1.05,1.05,1.05]
size:0
numberOfTrials:12
numberOfBlocks:6
numberOfInstances:24
instanceRandomization:[24,23,11,3,5,10,14,12,15,16,1,6,20,8,13,21,7,17,22,18,2,9,19,4]
numberOfSaccadeTrials:16
numberOfSaccadeBlocks:4
SaccadeRandomization:[2,1,1,2,0,0,3,3,2,0,1,1,2,0,3,3,0,2,2,0,3,1,1,0,0,3,3,1,2,1,2,3,0,3,1,0,2,2,2,3,2,1,3,1,3,1,0,0,2,0,2,0,1,1,2,3,0,3,3,1,3,2,1,0,1,0,2,0,2,3,0,3,2,3,1,1,2,3,0,1,3,2,2,1,0,2,3,1,2,1,3,0,0,3,1,0,0,1,1,2,2,1,3,3,0,0,2,0,3,1,2,3]
