decision:1
cost:1
cost_digits:4
reward_amount:[1.05,1.05,1.05,1.05,1.05,1.05,1.05,1.05,1.05,1.05,1.05,1.05,1.05,1.05,1.05,1.05,1.05,1.05,1.05,1.05,1.05,1.05,1.05,1.05]
size:0
numberOfTrials:12
numberOfBlocks:6
numberOfInstances:24
instanceRandomization:[24,4,8,14,3,19,16,2,9,1,6,15,13,17,23,7,11,21,18,5,20,10,12,22]
numberOfSaccadeTrials:16
numberOfSaccadeBlocks:4
SaccadeRandomization:[3,0,0,2,1,2,2,0,3,1,3,0,3,1,2,1,1,3,0,1,0,3,0,1,1,0,2,3,3,2,2,2,1,3,3,2,2,0,2,1,3,1,2,0,1,0,0,3,1,2,0,0,2,3,1,1,2,2,3,0,3,1,3,0,1,3,2,3,0,1,1,3,2,0,0,2,3,2,1,0,0,3,1,1,2,1,2,3,3,2,0,3,1,0,0,2,2,3,3,2,2,0,3,0,0,1,0,2,3,1,1,1]
