decision:1
cost:1
cost_digits:4
reward_amount:[1.05,1.05,1.05,1.05,1.05,1.05,1.05,1.05,1.05,1.05,1.05,1.05,1.05,1.05,1.05,1.05,1.05,1.05,1.05,1.05,1.05,1.05,1.05,1.05]
size:0
numberOfTrials:12
numberOfBlocks:6
numberOfInstances:24
instanceRandomization:[9,14,16,1,12,18,11,8,21,13,15,10,4,6,7,3,23,17,5,22,20,24,2,19]
numberOfSaccadeTrials:16
numberOfSaccadeBlocks:4
SaccadeRandomization:[3,1,3,2,2,1,2,2,3,1,0,0,3,0,0,1,1,0,3,0,1,2,3,1,1,2,3,0,3,2,0,2,3,2,3,1,0,1,3,3,1,0,0,1,2,0,2,2,3,3,1,1,1,0,3,2,2,0,3,2,0,0,2,1,2,2,0,3,1,2,1,0,1,3,2,3,1,0,0,3,2,0,3,3,0,3,1,2,3,1,2,1,1,2,0,0,3,0,1,3,2,0,0,2,2,3,1,1,3,2,1,0]
