decision:1
cost:1
cost_digits:4
reward_amount:[1.05,1.05,1.05,1.05,1.05,1.05,1.05,1.05,1.05,1.05,1.05,1.05,1.05,1.05,1.05,1.05,1.05,1.05,1.05,1.05,1.05,1.05,1.05,1.05]
size:0
numberOfTrials:12
numberOfBlocks:6
numberOfInstances:24
instanceRandomization:[22,10,1,11,23,3,4,19,8,13,5,12,9,17,16,15,2,6,20,18,21,7,24,14]
numberOfSaccadeTrials:16
numberOfSaccadeBlocks:4
SaccadeRandomization:[1,1,0,2,0,2,1,3,0,3,1,3,2,2,3,0,3,1,2,0,3,3,2,1,2,1,1,3,2,0,0,0,3,2,0,1,0,1,0,1,2,2,1,0,2,3,3,3,2,1,0,2,2,2,1,3,0,3,0,3,0,1,3,1,2,0,3,1,0,1,3,1,1,0,3,2,3,0,2,2,3,3,2,1,3,1,0,1,1,3,2,0,0,0,2,2,1,3,1,3,2,0,2,3,0,1,3,1,2,2,0,0]
