decision:1
cost:1
cost_digits:4
reward_amount:[1.05,1.05,1.05,1.05,1.05,1.05,1.05,1.05,1.05,1.05,1.05,1.05,1.05,1.05,1.05,1.05,1.05,1.05,1.05,1.05,1.05,1.05,1.05,1.05]
size:0
numberOfTrials:12
numberOfBlocks:6
numberOfInstances:24
instanceRandomization:[5,2,14,18,19,20,10,4,15,16,21,17,1,7,13,11,24,6,23,8,12,9,22,3]
numberOfSaccadeTrials:16
numberOfSaccadeBlocks:4
SaccadeRandomization:[0,1,1,2,3,2,0,1,1,3,0,2,3,3,2,0,1,2,3,2,0,0,0,2,2,3,3,1,0,1,1,3,3,0,2,0,3,0,3,2,1,1,1,0,1,2,3,2,2,2,2,1,1,3,1,3,2,3,0,0,1,3,0,0,1,0,1,0,3,0,2,3,2,3,3,2,1,2,0,1,2,0,1,1,0,2,3,0,2,1,3,1,2,3,0,3,1,3,1,0,1,0,3,1,3,2,2,0,3,2,2,0]
