decision:1
cost:1
cost_digits:4
reward_amount:[1.05,1.05,1.05,1.05,1.05,1.05,1.05,1.05,1.05,1.05,1.05,1.05,1.05,1.05,1.05,1.05,1.05,1.05,1.05,1.05,1.05,1.05,1.05,1.05]
size:0
numberOfTrials:12
numberOfBlocks:6
numberOfInstances:24
instanceRandomization:[24,5,19,20,21,14,8,18,22,6,16,7,3,2,1,4,12,15,23,10,13,11,17,9]
numberOfSaccadeTrials:16
numberOfSaccadeBlocks:4
SaccadeRandomization:[3,1,3,2,0,2,2,1,0,1,3,3,1,0,2,0,1,0,2,2,0,3,1,0,3,1,1,0,2,3,3,2,0,1,0,3,2,3,0,3,1,2,3,0,2,2,1,1,2,0,0,2,3,0,3,3,3,1,2,1,1,2,0,1,0,3,1,2,2,0,3,3,0,1,0,1,1,2,2,3,0,1,0,1,3,2,0,3,2,2,3,2,3,0,1,1,0,0,0,2,1,3,2,1,3,1,3,3,2,1,2,0]
