decision:1
cost:1
cost_digits:4
reward_amount:[1.05,1.05,1.05,1.05,1.05,1.05,1.05,1.05,1.05,1.05,1.05,1.05,1.05,1.05,1.05,1.05,1.05,1.05,1.05,1.05,1.05,1.05,1.05,1.05]
size:0
numberOfTrials:12
numberOfBlocks:6
numberOfInstances:24
instanceRandomization:[6,24,2,23,14,11,9,19,12,13,4,8,17,15,22,20,16,3,21,7,18,10,5,1]
numberOfSaccadeTrials:16
numberOfSaccadeBlocks:4
SaccadeRandomization:[3,2,2,0,3,1,2,0,3,2,0,1,0,1,1,3,3,1,2,2,3,1,0,0,1,3,0,3,0,2,1,2,3,3,2,1,2,0,1,3,2,0,3,1,2,0,0,1,3,3,1,0,3,2,1,3,2,0,2,1,2,0,0,1,2,0,1,3,2,0,2,3,3,1,3,1,2,0,1,0,1,2,1,3,3,0,3,1,0,0,1,2,3,2,0,2,2,0,3,3,1,1,0,0,0,1,2,2,3,2,1,3]
