decision:1
cost:1
cost_digits:4
reward_amount:[1.05,1.05,1.05,1.05,1.05,1.05,1.05,1.05,1.05,1.05,1.05,1.05,1.05,1.05,1.05,1.05,1.05,1.05,1.05,1.05,1.05,1.05,1.05,1.05]
size:0
numberOfTrials:12
numberOfBlocks:6
numberOfInstances:24
instanceRandomization:[20,6,13,11,3,5,8,4,16,9,1,17,21,22,2,7,23,14,12,24,18,19,15,10]
numberOfSaccadeTrials:16
numberOfSaccadeBlocks:4
SaccadeRandomization:[1,3,3,1,0,2,1,2,3,0,0,3,2,0,1,2,0,2,3,1,1,1,2,2,1,0,3,3,0,0,2,3,3,2,3,2,0,1,0,0,1,3,1,1,3,2,0,2,3,3,0,2,3,2,3,1,1,2,1,1,0,2,0,0,0,1,1,0,2,3,2,0,1,3,2,3,1,3,2,0,2,3,1,2,3,1,0,3,0,0,1,0,3,2,2,1,1,3,3,0,3,1,2,1,2,1,2,0,3,0,0,2]
