decision:1
cost:1
cost_digits:4
reward_amount:[1.05,1.05,1.05,1.05,1.05,1.05,1.05,1.05,1.05,1.05,1.05,1.05,1.05,1.05,1.05,1.05,1.05,1.05,1.05,1.05,1.05,1.05,1.05,1.05]
size:0
numberOfTrials:12
numberOfBlocks:6
numberOfInstances:24
instanceRandomization:[20,3,6,23,9,14,13,18,16,5,24,1,19,7,10,2,4,15,8,11,12,17,21,22]
numberOfSaccadeTrials:16
numberOfSaccadeBlocks:4
SaccadeRandomization:[1,2,3,2,2,0,0,3,0,1,1,2,3,0,1,3,3,1,1,1,0,3,3,2,0,0,2,2,1,0,2,3,2,3,1,1,2,1,3,1,0,0,2,0,2,3,3,0,2,0,0,1,1,2,0,1,3,3,3,2,3,0,2,1,1,3,2,1,0,2,0,3,1,3,2,3,2,0,0,1,3,3,1,1,2,0,1,3,2,2,2,1,3,0,0,0,1,2,3,2,1,3,0,0,0,2,1,1,3,0,3,2]
