decision:1
cost:1
cost_digits:4
reward_amount:[1.05,1.05,1.05,1.05,1.05,1.05,1.05,1.05,1.05,1.05,1.05,1.05,1.05,1.05,1.05,1.05,1.05,1.05,1.05,1.05,1.05,1.05,1.05,1.05]
size:0
numberOfTrials:12
numberOfBlocks:6
numberOfInstances:24
instanceRandomization:[12,3,1,15,6,18,16,22,20,10,8,13,7,21,14,9,2,19,17,24,4,5,11,23]
numberOfSaccadeTrials:16
numberOfSaccadeBlocks:4
SaccadeRandomization:[0,2,1,3,0,3,1,2,1,2,3,3,1,2,0,0,0,1,2,0,2,1,2,0,3,2,1,1,3,3,3,0,2,0,1,1,2,0,3,0,2,1,0,3,2,3,3,1,1,0,2,1,1,3,0,1,3,3,3,0,2,2,2,0,3,0,2,0,2,0,1,3,2,3,2,1,1,3,0,1,0,2,0,1,3,2,2,0,3,1,3,3,1,2,1,0,3,0,0,2,3,2,0,1,1,2,3,3,2,1,0,1]
