decision:1
cost:1
cost_digits:4
reward_amount:[1.05,1.05,1.05,1.05,1.05,1.05,1.05,1.05,1.05,1.05,1.05,1.05,1.05,1.05,1.05,1.05,1.05,1.05,1.05,1.05,1.05,1.05,1.05,1.05]
size:0
numberOfTrials:12
numberOfBlocks:6
numberOfInstances:24
instanceRandomization:[24,12,5,17,16,11,8,3,23,14,13,18,7,15,19,4,20,9,22,2,10,1,6,21]
numberOfSaccadeTrials:16
numberOfSaccadeBlocks:4
SaccadeRandomization:[0,2,0,3,2,1,3,2,0,1,1,1,0,3,2,3,0,0,0,3,3,2,3,1,2,1,2,2,1,0,3,1,2,1,2,1,0,3,2,0,2,1,3,3,0,3,0,1,0,0,0,0,2,3,3,1,1,1,2,2,3,3,2,1,3,2,1,2,3,1,3,0,0,2,1,2,1,0,0,3,0,3,1,2,1,2,3,2,0,0,2,3,1,3,1,0,1,1,0,3,2,1,0,1,3,2,3,0,2,0,2,3]
