decision:1
cost:1
cost_digits:4
reward_amount:[1.05,1.05,1.05,1.05,1.05,1.05,1.05,1.05,1.05,1.05,1.05,1.05,1.05,1.05,1.05,1.05,1.05,1.05,1.05,1.05,1.05,1.05,1.05,1.05]
size:0
numberOfTrials:12
numberOfBlocks:6
numberOfInstances:24
instanceRandomization:[2,19,13,20,1,14,22,11,17,5,12,3,10,16,9,15,23,6,21,24,18,8,4,7]
numberOfSaccadeTrials:16
numberOfSaccadeBlocks:4
SaccadeRandomization:[0,3,3,2,2,2,1,3,0,1,0,2,1,3,1,0,2,2,1,3,3,1,0,3,0,1,2,1,3,0,0,2,2,0,0,1,1,0,0,3,1,1,3,2,2,2,3,3,2,2,0,3,1,1,0,3,3,1,2,0,2,0,3,1,3,3,2,1,0,1,3,3,1,0,2,2,1,0,0,2,1,3,1,0,1,2,0,2,0,0,2,3,3,3,2,1,0,0,3,1,2,3,1,0,1,3,2,2,0,1,3,2]
