decision:1
cost:1
cost_digits:4
reward_amount:[1.05,1.05,1.05,1.05,1.05,1.05,1.05,1.05,1.05,1.05,1.05,1.05,1.05,1.05,1.05,1.05,1.05,1.05,1.05,1.05,1.05,1.05,1.05,1.05]
size:0
numberOfTrials:12
numberOfBlocks:6
numberOfInstances:24
instanceRandomization:[14,8,13,19,10,23,24,22,17,4,18,21,2,7,20,3,16,11,12,5,1,9,15,6]
numberOfSaccadeTrials:16
numberOfSaccadeBlocks:4
SaccadeRandomization:[0,0,1,2,1,0,3,2,1,0,2,3,3,1,2,3,0,1,3,3,0,1,3,1,1,2,2,2,0,0,3,2,1,3,3,1,0,3,0,2,0,2,2,2,0,3,1,1,2,0,3,1,0,2,3,3,2,1,2,1,1,0,3,0,3,0,3,1,1,0,2,3,1,0,1,3,0,2,2,2,3,3,2,0,0,3,1,3,1,2,2,0,1,2,0,1,2,3,3,1,2,3,2,1,1,3,1,0,0,0,0,2]
