decision:1
cost:1
cost_digits:4
reward_amount:[1.05,1.05,1.05,1.05,1.05,1.05,1.05,1.05,1.05,1.05,1.05,1.05,1.05,1.05,1.05,1.05,1.05,1.05,1.05,1.05,1.05,1.05,1.05,1.05]
size:0
numberOfTrials:12
numberOfBlocks:6
numberOfInstances:24
instanceRandomization:[12,14,2,4,16,15,22,11,20,23,9,7,5,24,3,17,1,8,10,19,6,18,13,21]
numberOfSaccadeTrials:16
numberOfSaccadeBlocks:4
SaccadeRandomization:[2,3,3,3,1,2,3,2,0,1,1,0,0,2,1,0,2,2,1,3,2,1,3,3,1,0,0,1,3,2,0,0,2,1,0,1,3,1,1,0,3,0,2,2,2,0,3,3,2,1,1,1,3,3,0,2,3,0,2,2,3,1,0,0,2,3,2,0,2,0,1,3,0,3,0,1,1,3,2,1,0,0,3,3,1,1,1,0,2,0,2,3,3,2,2,1,0,0,1,1,1,3,2,2,2,2,1,0,3,3,3,0]
