decision:1
cost:1
cost_digits:4
reward_amount:[1.05,1.05,1.05,1.05,1.05,1.05,1.05,1.05,1.05,1.05,1.05,1.05,1.05,1.05,1.05,1.05,1.05,1.05,1.05,1.05,1.05,1.05,1.05,1.05]
size:0
numberOfTrials:12
numberOfBlocks:6
numberOfInstances:24
instanceRandomization:[12,17,13,1,19,7,21,10,14,16,6,22,5,20,9,4,18,2,11,15,24,23,3,8]
numberOfSaccadeTrials:16
numberOfSaccadeBlocks:4
SaccadeRandomization:[1,3,2,1,3,0,2,3,2,2,0,3,0,1,0,1,2,1,2,1,0,0,3,1,3,1,2,2,3,3,0,0,0,3,2,1,0,2,1,2,3,3,1,3,0,2,1,0,0,1,0,1,2,2,1,1,3,3,2,2,0,0,3,3,3,1,0,3,0,0,3,2,1,2,2,1,2,1,0,3,1,0,2,3,0,0,1,2,2,3,1,3,1,2,0,3,0,2,3,1,1,1,0,3,3,0,2,0,3,2,1,2]
