decision:1
cost:1
cost_digits:4
reward_amount:[1.05,1.05,1.05,1.05,1.05,1.05,1.05,1.05,1.05,1.05,1.05,1.05,1.05,1.05,1.05,1.05,1.05,1.05,1.05,1.05,1.05,1.05,1.05,1.05]
size:0
numberOfTrials:12
numberOfBlocks:6
numberOfInstances:24
instanceRandomization:[2,20,17,6,21,24,16,7,10,9,13,14,23,1,22,19,3,12,15,8,11,5,4,18]
numberOfSaccadeTrials:16
numberOfSaccadeBlocks:4
SaccadeRandomization:[0,1,2,1,2,3,1,3,1,2,0,3,0,3,2,0,1,0,2,3,3,0,0,2,1,2,0,1,3,1,2,3,3,0,1,3,2,0,2,1,3,0,0,2,3,1,2,1,1,0,3,1,0,2,0,1,0,3,3,2,2,1,3,2,3,3,1,3,2,3,1,0,0,2,0,1,2,2,1,0,0,2,1,2,1,3,0,0,3,2,1,2,0,1,3,3,1,2,3,1,2,1,3,0,2,3,0,3,0,1,2,0]
