decision:1
cost:1
cost_digits:4
reward_amount:[1.05,1.05,1.05,1.05,1.05,1.05,1.05,1.05,1.05,1.05,1.05,1.05,1.05,1.05,1.05,1.05,1.05,1.05,1.05,1.05,1.05,1.05,1.05,1.05]
size:0
numberOfTrials:12
numberOfBlocks:6
numberOfInstances:24
instanceRandomization:[19,9,12,8,20,7,24,1,23,16,15,3,5,17,14,21,13,18,6,22,11,10,4,2]
numberOfSaccadeTrials:16
numberOfSaccadeBlocks:4
SaccadeRandomization:[1,3,2,0,2,0,3,1,2,3,1,0,3,2,0,1,3,2,2,3,0,2,2,3,1,3,1,1,0,1,0,0,3,2,0,2,2,1,3,3,2,3,0,1,1,0,0,1,3,2,1,2,1,0,3,0,0,2,3,1,2,0,1,3,3,3,1,0,3,3,2,1,2,0,0,0,2,1,2,1,0,0,3,2,3,2,0,1,3,3,1,2,0,1,1,2,1,2,3,2,0,1,0,3,1,1,2,0,3,3,0,2]
