decision:1
cost:1
cost_digits:4
reward_amount:[1.05,1.05,1.05,1.05,1.05,1.05,1.05,1.05,1.05,1.05,1.05,1.05,1.05,1.05,1.05,1.05,1.05,1.05,1.05,1.05,1.05,1.05,1.05,1.05]
size:0
numberOfTrials:12
numberOfBlocks:6
numberOfInstances:24
instanceRandomization:[18,17,12,3,22,7,6,14,2,1,10,8,13,21,15,23,5,24,9,4,20,16,11,19]
numberOfSaccadeTrials:16
numberOfSaccadeBlocks:4
SaccadeRandomization:[3,1,2,3,3,3,0,0,2,1,0,2,1,0,2,1,0,1,1,0,2,3,0,3,3,2,0,1,3,2,1,2,2,1,0,2,3,2,0,3,0,1,3,1,0,1,3,2,0,0,2,1,1,2,1,1,0,2,2,0,3,3,3,3,2,0,1,3,0,3,2,2,1,3,0,1,1,2,3,0,1,3,3,2,3,2,0,0,2,0,1,2,0,1,1,3,3,2,0,2,1,0,1,2,1,0,3,2,3,0,3,1]
