decision:1
cost:1
cost_digits:4
reward_amount:[1.05,1.05,1.05,1.05,1.05,1.05,1.05,1.05,1.05,1.05,1.05,1.05,1.05,1.05,1.05,1.05,1.05,1.05,1.05,1.05,1.05,1.05,1.05,1.05]
size:0
numberOfTrials:12
numberOfBlocks:6
numberOfInstances:24
instanceRandomization:[1,24,21,9,4,18,8,19,16,12,23,11,22,14,15,17,20,7,6,10,3,13,5,2]
numberOfSaccadeTrials:16
numberOfSaccadeBlocks:4
SaccadeRandomization:[2,0,0,2,1,1,0,1,1,2,3,3,0,3,3,2,2,0,2,0,2,1,0,3,1,3,0,1,3,3,1,2,1,3,0,1,0,1,3,0,0,2,3,2,3,2,1,2,1,0,0,0,3,2,2,1,1,3,2,2,1,3,3,0,3,2,2,3,2,1,2,0,3,1,1,0,0,3,0,1,1,1,0,2,3,1,2,0,3,0,2,0,1,3,2,3,3,1,3,1,0,1,0,3,3,2,0,2,2,0,1,2]
