decision:1
cost:1
cost_digits:4
reward_amount:[1.05,1.05,1.05,1.05,1.05,1.05,1.05,1.05,1.05,1.05,1.05,1.05,1.05,1.05,1.05,1.05,1.05,1.05,1.05,1.05,1.05,1.05,1.05,1.05]
size:0
numberOfTrials:12
numberOfBlocks:6
numberOfInstances:24
instanceRandomization:[21,5,12,14,2,15,11,23,1,18,19,9,8,4,6,22,16,24,10,13,20,3,7,17]
numberOfSaccadeTrials:16
numberOfSaccadeBlocks:4
SaccadeRandomization:[0,2,3,3,0,2,1,2,0,3,0,1,2,1,1,3,1,0,0,0,2,1,3,1,3,3,1,2,2,2,3,0,1,1,3,3,0,3,2,2,0,1,0,2,2,0,1,3,2,1,1,0,3,3,0,0,1,2,1,3,3,2,0,2,2,1,3,1,2,0,3,0,1,2,3,0,2,0,1,3,1,1,0,1,3,3,0,2,2,2,1,2,3,0,0,3,2,3,0,3,2,1,3,1,0,1,0,3,0,1,2,2]
