decision:1
cost:1
cost_digits:4
reward_amount:[1.05,1.05,1.05,1.05,1.05,1.05,1.05,1.05,1.05,1.05,1.05,1.05,1.05,1.05,1.05,1.05,1.05,1.05,1.05,1.05,1.05,1.05,1.05,1.05]
size:0
numberOfTrials:12
numberOfBlocks:6
numberOfInstances:24
instanceRandomization:[9,10,6,11,16,1,21,8,19,2,7,13,14,20,15,24,23,18,5,3,17,22,4,12]
numberOfSaccadeTrials:16
numberOfSaccadeBlocks:4
SaccadeRandomization:[0,3,3,0,1,2,2,1,0,1,3,0,3,1,2,2,3,2,3,0,2,0,1,0,2,1,2,3,1,3,1,0,3,2,0,1,0,1,2,3,2,2,0,0,3,1,3,1,3,0,1,1,2,3,2,2,3,0,1,2,0,0,3,1,0,1,2,2,3,0,1,0,1,3,1,2,3,0,2,3,0,2,0,0,1,3,1,1,3,1,0,2,3,2,2,3,1,2,1,3,0,1,3,2,0,3,0,1,2,3,0,2]
