decision:1
cost:1
cost_digits:4
reward_amount:[1.05,1.05,1.05,1.05,1.05,1.05,1.05,1.05,1.05,1.05,1.05,1.05,1.05,1.05,1.05,1.05,1.05,1.05,1.05,1.05,1.05,1.05,1.05,1.05]
size:0
numberOfTrials:12
numberOfBlocks:6
numberOfInstances:24
instanceRandomization:[7,1,22,13,12,10,15,23,3,17,5,6,8,16,18,2,9,24,14,19,11,20,21,4]
numberOfSaccadeTrials:16
numberOfSaccadeBlocks:4
SaccadeRandomization:[1,0,2,1,0,0,2,2,3,1,3,3,0,2,1,3,1,2,3,0,3,3,1,0,2,2,3,1,0,1,2,0,2,1,1,3,2,2,1,3,0,2,3,0,1,0,0,3,1,0,3,3,2,1,1,2,3,2,3,0,0,0,2,1,1,3,1,0,0,2,3,0,1,3,3,2,1,0,2,2,2,3,3,2,3,2,1,1,0,2,3,0,1,1,0,0,3,2,3,1,2,3,0,1,1,3,1,2,0,0,2,0]
