decision:1
cost:1
cost_digits:4
reward_amount:[1.05,1.05,1.05,1.05,1.05,1.05,1.05,1.05,1.05,1.05,1.05,1.05,1.05,1.05,1.05,1.05,1.05,1.05,1.05,1.05,1.05,1.05,1.05,1.05]
size:0
numberOfTrials:12
numberOfBlocks:6
numberOfInstances:24
instanceRandomization:[2,11,13,7,4,20,22,1,18,23,9,12,8,15,16,21,19,10,6,14,24,5,3,17]
numberOfSaccadeTrials:16
numberOfSaccadeBlocks:4
SaccadeRandomization:[2,0,1,3,3,2,3,2,1,0,3,0,1,1,0,2,1,3,2,2,3,0,2,3,2,0,1,3,0,1,0,1,1,2,0,0,1,2,1,3,0,3,3,2,3,0,2,1,2,1,3,1,1,0,2,0,2,3,0,1,2,3,0,3,0,1,1,0,3,2,1,2,3,1,3,2,0,0,2,3,2,0,1,1,3,0,2,1,3,1,3,0,3,2,0,2,3,1,2,1,0,3,2,0,0,0,2,1,3,1,3,2]
