decision:1
cost:1
cost_digits:4
reward_amount:[1.05,1.05,1.05,1.05,1.05,1.05,1.05,1.05,1.05,1.05,1.05,1.05,1.05,1.05,1.05,1.05,1.05,1.05,1.05,1.05,1.05,1.05,1.05,1.05]
size:0
numberOfTrials:12
numberOfBlocks:6
numberOfInstances:24
instanceRandomization:[22,7,9,3,18,19,13,15,17,23,5,24,6,1,20,2,11,16,14,12,21,10,8,4]
numberOfSaccadeTrials:16
numberOfSaccadeBlocks:4
SaccadeRandomization:[1,0,0,1,2,0,1,3,3,1,3,2,2,3,2,0,0,2,0,2,2,3,1,3,3,1,1,3,2,0,1,0,3,2,3,0,2,3,2,1,0,0,1,1,0,2,3,1,2,0,1,3,3,2,3,3,2,0,1,1,1,0,2,0,0,2,0,2,1,2,0,3,2,0,1,1,1,3,3,3,0,1,0,1,0,3,0,2,1,2,2,2,3,3,3,1,1,3,1,2,3,0,3,0,0,2,3,1,2,0,2,1]
