decision:1
cost:1
cost_digits:4
reward_amount:[1.05,1.05,1.05,1.05,1.05,1.05,1.05,1.05,1.05,1.05,1.05,1.05,1.05,1.05,1.05,1.05,1.05,1.05,1.05,1.05,1.05,1.05,1.05,1.05]
size:0
numberOfTrials:12
numberOfBlocks:6
numberOfInstances:24
instanceRandomization:[24,20,12,11,10,19,2,15,9,16,4,23,3,5,21,6,7,22,18,1,17,14,13,8]
numberOfSaccadeTrials:16
numberOfSaccadeBlocks:4
SaccadeRandomization:[1,3,3,1,0,2,2,1,2,2,0,0,3,3,0,1,1,0,3,0,0,3,3,2,1,1,1,3,2,2,0,2,3,3,3,1,0,0,0,3,1,2,1,2,1,0,2,2,2,1,2,2,2,1,0,0,0,3,3,3,3,1,0,1,0,3,0,3,1,2,2,1,3,3,1,2,2,0,0,1,1,2,1,3,2,0,3,0,1,1,0,3,3,2,2,0,3,2,1,0,1,3,2,3,1,2,0,3,0,1,0,2]
