decision:1
cost:1
cost_digits:4
reward_amount:[1.05,1.05,1.05,1.05,1.05,1.05,1.05,1.05,1.05,1.05,1.05,1.05,1.05,1.05,1.05,1.05,1.05,1.05,1.05,1.05,1.05,1.05,1.05,1.05]
size:0
numberOfTrials:12
numberOfBlocks:6
numberOfInstances:24
instanceRandomization:[6,4,9,17,3,13,20,19,24,12,1,2,15,5,11,7,10,18,16,23,8,21,22,14]
numberOfSaccadeTrials:16
numberOfSaccadeBlocks:4
SaccadeRandomization:[1,0,3,0,0,2,3,3,0,2,1,1,2,3,2,1,3,0,1,3,1,3,2,3,0,0,2,1,0,2,1,2,1,2,2,0,1,2,2,0,3,3,1,3,1,0,0,3,0,2,1,0,3,3,2,1,3,2,3,0,1,2,1,0,0,2,3,0,1,3,3,1,0,2,0,1,2,3,1,2,1,2,1,3,3,0,2,1,0,0,2,3,2,3,1,0,3,3,2,0,2,2,1,3,1,0,3,2,0,1,0,1]
