decision:1
cost:1
cost_digits:4
reward_amount:[1.05,1.05,1.05,1.05,1.05,1.05,1.05,1.05,1.05,1.05,1.05,1.05,1.05,1.05,1.05,1.05,1.05,1.05,1.05,1.05,1.05,1.05,1.05,1.05]
size:0
numberOfTrials:12
numberOfBlocks:6
numberOfInstances:24
instanceRandomization:[15,24,23,16,9,19,7,17,22,18,6,14,21,12,13,1,3,4,11,10,8,2,5,20]
numberOfSaccadeTrials:16
numberOfSaccadeBlocks:4
SaccadeRandomization:[3,2,0,1,0,1,2,0,2,2,3,1,0,3,1,3,3,1,3,1,2,2,2,1,1,0,0,0,3,2,0,3,0,0,1,1,3,2,2,1,2,0,3,0,2,3,1,3,1,0,2,2,3,3,0,0,2,3,1,0,2,1,3,1,1,1,2,2,2,3,0,1,0,3,1,3,2,0,3,0,3,0,1,3,0,2,1,2,0,3,2,1,2,1,3,0,1,0,3,1,2,1,0,2,1,3,2,0,2,3,0,3]
