decision:1
cost:1
cost_digits:4
reward_amount:[1.05,1.05,1.05,1.05,1.05,1.05,1.05,1.05,1.05,1.05,1.05,1.05,1.05,1.05,1.05,1.05,1.05,1.05,1.05,1.05,1.05,1.05,1.05,1.05]
size:0
numberOfTrials:12
numberOfBlocks:6
numberOfInstances:24
instanceRandomization:[5,6,9,10,8,3,13,19,2,22,7,15,20,12,18,4,11,24,21,23,14,17,1,16]
numberOfSaccadeTrials:16
numberOfSaccadeBlocks:4
SaccadeRandomization:[0,0,2,2,2,3,0,1,0,3,1,3,3,1,2,1,3,0,3,0,1,2,0,1,3,0,3,2,1,2,1,2,0,1,3,3,0,1,3,2,2,1,0,2,2,1,3,0,1,3,0,2,3,2,0,1,1,0,2,2,1,3,0,3,3,3,2,2,1,3,0,1,2,0,1,2,3,0,1,0,3,0,1,1,3,0,2,3,2,1,0,0,3,2,2,1,0,3,2,1,0,1,0,1,3,2,3,3,0,2,2,1]
