decision:1
cost:1
cost_digits:4
reward_amount:[1.05,1.05,1.05,1.05,1.05,1.05,1.05,1.05,1.05,1.05,1.05,1.05,1.05,1.05,1.05,1.05,1.05,1.05,1.05,1.05,1.05,1.05,1.05,1.05]
size:0
numberOfTrials:12
numberOfBlocks:6
numberOfInstances:24
instanceRandomization:[11,7,22,14,2,12,17,19,23,24,20,4,10,15,9,5,8,1,3,6,16,21,13,18]
numberOfSaccadeTrials:16
numberOfSaccadeBlocks:4
SaccadeRandomization:[0,3,2,1,0,1,1,1,2,3,3,2,2,0,0,3,3,0,2,0,0,3,2,1,1,2,2,0,1,3,3,1,0,0,1,1,0,2,1,3,3,1,2,0,3,2,2,3,3,2,0,3,2,1,2,0,3,3,1,1,2,1,0,0,3,0,1,3,1,1,3,2,0,3,2,2,0,1,0,2,2,0,3,3,1,2,3,0,1,1,0,3,0,2,1,2,1,2,0,3,2,1,1,3,3,0,1,0,0,2,2,3]
