decision:1
cost:1
cost_digits:4
reward_amount:[1.05,1.05,1.05,1.05,1.05,1.05,1.05,1.05,1.05,1.05,1.05,1.05,1.05,1.05,1.05,1.05,1.05,1.05,1.05,1.05,1.05,1.05,1.05,1.05]
size:0
numberOfTrials:12
numberOfBlocks:6
numberOfInstances:24
instanceRandomization:[4,17,19,11,15,24,8,14,5,18,7,13,9,22,1,20,2,10,3,16,23,12,6,21]
numberOfSaccadeTrials:16
numberOfSaccadeBlocks:4
SaccadeRandomization:[0,2,0,3,2,2,0,1,2,0,3,3,1,1,3,1,2,0,2,0,3,2,3,2,3,1,0,1,0,3,1,1,1,2,3,3,3,2,0,2,1,0,0,0,2,3,1,1,0,3,1,3,2,0,0,2,2,1,0,2,3,1,1,3,2,2,1,3,1,0,0,2,0,2,3,1,1,3,3,0,3,2,1,0,2,2,0,3,0,3,3,1,1,2,1,0,0,3,3,2,3,1,1,1,0,2,0,0,2,3,2,1]
