decision:1
cost:1
cost_digits:4
reward_amount:[1.05,1.05,1.05,1.05,1.05,1.05,1.05,1.05,1.05,1.05,1.05,1.05,1.05,1.05,1.05,1.05,1.05,1.05,1.05,1.05,1.05,1.05,1.05,1.05]
size:0
numberOfTrials:12
numberOfBlocks:6
numberOfInstances:24
instanceRandomization:[11,16,12,10,22,1,2,7,23,17,18,8,20,21,9,5,13,14,15,3,4,24,6,19]
numberOfSaccadeTrials:16
numberOfSaccadeBlocks:4
SaccadeRandomization:[2,3,1,3,1,0,3,1,3,0,1,0,0,2,2,2,3,1,0,0,3,2,2,1,3,3,1,2,1,0,2,0,0,3,1,2,0,3,1,2,1,2,2,3,1,0,0,3,0,2,0,1,0,2,1,1,3,3,2,0,3,3,2,1,3,0,1,2,0,3,3,0,3,2,1,0,1,2,2,1,2,0,2,0,0,2,0,2,3,1,1,3,1,3,1,3,0,2,0,3,0,3,2,2,0,1,1,1,3,1,2,3]
