decision:1
cost:1
cost_digits:4
reward_amount:[1.05,1.05,1.05,1.05,1.05,1.05,1.05,1.05,1.05,1.05,1.05,1.05,1.05,1.05,1.05,1.05,1.05,1.05,1.05,1.05,1.05,1.05,1.05,1.05]
size:0
numberOfTrials:12
numberOfBlocks:6
numberOfInstances:24
instanceRandomization:[15,4,5,21,2,11,12,24,13,7,8,3,18,1,16,9,14,19,10,17,22,6,23,20]
numberOfSaccadeTrials:16
numberOfSaccadeBlocks:4
SaccadeRandomization:[3,0,2,2,0,0,2,1,3,2,1,1,3,1,0,3,3,3,0,2,1,1,2,2,1,2,3,0,1,0,0,3,1,1,3,2,0,2,1,3,1,0,3,0,0,3,2,2,2,1,0,0,3,3,3,2,1,2,1,2,3,0,0,1,2,2,2,0,0,1,1,0,3,1,3,2,3,1,3,0,1,2,1,0,0,3,0,1,2,3,0,3,2,2,3,1,2,0,3,0,3,1,0,3,3,2,0,1,2,1,1,2]
