decision:1
cost:1
cost_digits:4
reward_amount:[1.05,1.05,1.05,1.05,1.05,1.05,1.05,1.05,1.05,1.05,1.05,1.05,1.05,1.05,1.05,1.05,1.05,1.05,1.05,1.05,1.05,1.05,1.05,1.05]
size:0
numberOfTrials:12
numberOfBlocks:6
numberOfInstances:24
instanceRandomization:[23,16,21,15,7,5,14,17,19,6,20,1,4,18,13,8,2,12,11,22,9,10,3,24]
numberOfSaccadeTrials:16
numberOfSaccadeBlocks:4
SaccadeRandomization:[1,0,3,3,1,0,2,2,3,1,2,0,2,1,0,3,3,2,2,3,0,1,1,0,3,0,0,3,1,1,2,2,1,3,1,1,1,3,2,3,0,0,0,2,2,2,3,0,0,2,0,3,2,1,0,1,1,1,3,3,2,0,2,3,0,1,3,2,1,2,3,0,1,0,0,3,3,1,2,2,0,0,2,2,0,3,3,3,0,1,1,3,2,1,2,1,3,3,3,1,1,0,0,1,3,2,0,2,0,1,2,2]
