decision:1
cost:1
cost_digits:4
reward_amount:[1.05,1.05,1.05,1.05,1.05,1.05,1.05,1.05,1.05,1.05,1.05,1.05,1.05,1.05,1.05,1.05,1.05,1.05,1.05,1.05,1.05,1.05,1.05,1.05]
size:0
numberOfTrials:12
numberOfBlocks:6
numberOfInstances:24
instanceRandomization:[19,8,3,14,4,18,21,23,7,6,15,1,9,12,2,11,24,22,17,20,10,5,13,16]
numberOfSaccadeTrials:16
numberOfSaccadeBlocks:4
SaccadeRandomization:[0,0,0,3,2,3,3,1,1,2,3,1,2,1,0,2,2,2,0,1,0,1,1,3,2,1,0,3,3,3,0,2,3,0,2,2,0,2,0,1,1,0,1,1,3,3,2,3,1,2,2,3,0,0,3,2,3,1,2,1,0,0,3,1,2,0,0,1,1,3,0,3,2,1,0,3,1,2,2,3,2,1,3,3,2,1,3,0,1,0,1,2,3,2,0,0,3,0,2,3,2,1,0,2,0,1,2,3,0,1,3,1]
