decision:1
cost:1
cost_digits:4
reward_amount:[1.05,1.05,1.05,1.05,1.05,1.05,1.05,1.05,1.05,1.05,1.05,1.05,1.05,1.05,1.05,1.05,1.05,1.05,1.05,1.05,1.05,1.05,1.05,1.05]
size:0
numberOfTrials:12
numberOfBlocks:6
numberOfInstances:24
instanceRandomization:[14,24,15,10,8,11,23,18,22,7,13,12,1,16,5,2,9,3,17,19,21,4,20,6]
numberOfSaccadeTrials:16
numberOfSaccadeBlocks:4
SaccadeRandomization:[3,3,1,0,1,2,2,3,0,0,1,1,3,2,0,2,2,1,3,1,2,2,0,0,3,3,1,1,2,0,3,0,1,2,0,1,3,2,2,3,0,2,3,1,1,3,0,0,1,0,2,3,0,2,3,1,0,1,2,2,1,3,0,3,0,1,2,2,3,3,3,0,1,0,3,2,1,1,2,0,2,1,0,3,3,1,3,0,0,2,2,2,1,1,3,0,2,1,2,3,0,0,0,0,2,3,2,3,1,1,3,1]
