decision:1
cost:1
cost_digits:4
reward_amount:[1.05,1.05,1.05,1.05,1.05,1.05,1.05,1.05,1.05,1.05,1.05,1.05,1.05,1.05,1.05,1.05,1.05,1.05,1.05,1.05,1.05,1.05,1.05,1.05]
size:0
numberOfTrials:12
numberOfBlocks:6
numberOfInstances:24
instanceRandomization:[15,6,18,19,8,23,4,3,12,14,17,1,11,22,13,24,2,7,16,9,10,5,21,20]
numberOfSaccadeTrials:16
numberOfSaccadeBlocks:4
SaccadeRandomization:[3,0,1,1,1,0,3,1,2,2,3,0,2,2,0,3,0,1,1,3,2,1,1,2,2,0,2,3,0,0,3,3,1,0,3,2,0,3,1,1,0,2,1,3,2,2,0,3,1,2,3,0,0,0,2,3,1,2,0,3,1,2,1,3,0,1,3,3,2,1,3,2,0,3,2,1,0,0,2,1,2,2,2,0,0,3,2,1,3,3,1,0,3,0,1,1,2,0,1,1,3,0,2,1,2,0,2,1,3,3,0,3]
