PartcipantID:1
RandID:1
InitialTimeStamp:11-58-16-211
block;trial;answer;correct;timeSpent;itemsSelected;finalvalue;finalweight;ReverseButtons;instanceNumber;pay;xyCoordinates;RandomNumber;SubmittedNumber
1;1;0;1;1.343671;;0;0;1;5;1.5;(303.1089,175)(-303.1089,175)(-303.1089,-175)(303.1089,-175)(0,350)(4.286122E-14,-350);7685;7685
1;2;2;0;2;1;46;31;0;6;0;(4.286122E-14,-350)(303.1089,-175)(-303.1089,175)(0,350)(-303.1089,-175)(303.1089,175);1019;0
1;3;1;1;1.584334;;0;0;0;14;1.5;(-303.1089,-175)(4.286122E-14,-350)(-303.1089,175)(0,350)(303.1089,-175)(303.1089,175);5742;5742
1;4;1;1;0.9218659;;0;0;1;4;1.5;(303.1089,175)(4.286122E-14,-350)(-303.1089,-175)(303.1089,-175)(-303.1089,175)(0,350);1509;1509
1;5;2;0;1.485576;;0;0;1;1;0;(-303.1089,-175)(303.1089,-175)(350,2.143061E-14)(4.286122E-14,-350)(0,350)(-303.1089,175)(175,-303.1089)(303.1089,175)(-350,-6.429183E-14)(175,303.1089)(-175,-303.1089)(-175,303.1089);3808;3808
1;6;1;0;0.8558995;;0;0;1;10;0;(4.286122E-14,-350)(303.1089,-175)(-303.1089,175)(0,350)(-303.1089,-175)(303.1089,175);1127;0
1;7;0;0;2;;0;0;0;3;0;(0,350)(-303.1089,175)(-303.1089,-175)(4.286122E-14,-350)(303.1089,-175)(303.1089,175);1862;0
1;8;0;0;2;;0;0;0;16;0;(303.1089,175)(0,350)(303.1089,-175)(-303.1089,-175)(4.286122E-14,-350)(-303.1089,175);9048;9048
