PartcipantID:1
RandID:5
InitialTimeStamp:21-59-09-258
block;trial;answer;correct;timeSpent;itemsSelected;finalvalue;finalweight;ReverseButtons;instanceNumber;pay;xyCoordinates;RandomNumber;SubmittedNumber
1;1;1;1;2;;0;0;1;21;1;(0,350)(303.1089,-175)(4.286122E-14,-350)(-303.1089,-175)(303.1089,175)(-303.1089,175);1;1
PartcipantID:1
RandID:5
InitialTimeStamp:21-59-55-417
block;trial;answer;correct;timeSpent;itemsSelected;finalvalue;finalweight;ReverseButtons;instanceNumber;pay;xyCoordinates;RandomNumber;SubmittedNumber
1;1;2;0;1.061169;;0;0;0;21;0;(303.1089,175)(303.1089,-175)(-303.1089,-175)(0,350)(-303.1089,175)(4.286122E-14,-350);927;927
1;2;0;0;2;;0;0;0;17;0;(-303.1089,-175)(303.1089,-175)(303.1089,175)(4.286122E-14,-350)(-303.1089,175)(0,350);17302;17302
1;3;1;0;2;;0;0;0;5;0;(-303.1089,-175)(303.1089,175)(303.1089,-175)(0,350)(-303.1089,175)(4.286122E-14,-350);732;732
1;4;0;0;0.8889705;;0;0;0;22;0;(-303.1089,-175)(0,350)(303.1089,-175)(-303.1089,175)(303.1089,175)(4.286122E-14,-350);2;2
1;5;1;0;0.5316153;;0;0;1;6;0;(4.286122E-14,-350)(0,350)(-303.1089,175)(-303.1089,-175)(303.1089,175)(303.1089,-175);179;179
1;6;1;0;1.046432;;0;0;1;1;0;(4.286122E-14,-350)(-303.1089,-175)(0,350)(303.1089,175)(303.1089,-175)(-303.1089,175);3;3
1;7;0;0;0.5151275;;0;0;0;9;0;(303.1089,175)(4.286122E-14,-350)(303.1089,-175)(0,350)(-303.1089,-175)(-303.1089,175);1;4
1;8;0;1;0.8893661;;0;0;0;7;1;(-303.1089,175)(-303.1089,-175)(4.286122E-14,-350)(303.1089,175)(0,350)(303.1089,-175);534;534
1;9;0;1;1.010186;;0;0;1;4;1;(-303.1089,-175)(-303.1089,175)(0,350)(303.1089,-175)(4.286122E-14,-350)(303.1089,175);95804;95804
