PartcipantID:1
RandID:1
InitialTimeStamp:11-33-06-592
block;trial;answer;correct;timeSpent;itemsSelected;finalvalue;finalweight;ReverseButtons;instanceNumber;pay;xyCoordinates;RandomNumber;SubmittedNumber
1;1;2;0;2;;0;0;0;5;0;(-303.1089,-175)(0,350)(4.286122E-14,-350)(303.1089,-175)(303.1089,175)(-303.1089,175);1071;1071
1;2;2;0;2;;0;0;0;6;0;(-303.1089,-175)(-303.1089,175)(303.1089,-175)(4.286122E-14,-350)(303.1089,175)(0,350);1238;1238
1;3;2;0;2;;0;0;1;14;0;(-303.1089,-175)(303.1089,-175)(-303.1089,175)(303.1089,175)(0,350)(4.286122E-14,-350);2512;2512
1;4;2;0;2;;0;0;0;4;0;(-303.1089,175)(-303.1089,-175)(303.1089,-175)(303.1089,175)(0,350)(4.286122E-14,-350);1081;0
1;5;0;1;1.363071;;0;0;0;1;1.5;(303.1089,-175)(-175,-303.1089)(4.286122E-14,-350)(303.1089,175)(175,-303.1089)(-303.1089,-175)(-303.1089,175)(-350,-6.429183E-14)(175,303.1089)(0,350)(-175,303.1089)(350,2.143061E-14);1059;1059
1;6;1;0;2;;0;0;1;10;0;(303.1089,-175)(4.286122E-14,-350)(0,350)(303.1089,175)(-303.1089,175)(-303.1089,-175);2982;2951
1;7;2;0;2;;0;0;0;3;0;(0,350)(-303.1089,-175)(4.286122E-14,-350)(303.1089,175)(-303.1089,175)(303.1089,-175);3565;0
1;8;2;0;2;;0;0;1;16;0;(0,350)(303.1089,-175)(-303.1089,-175)(303.1089,175)(4.286122E-14,-350)(-303.1089,175);7610;0
