PartcipantID:1
RandID:4
InitialTimeStamp:11-56-21-400
block;trial;answer;correct;timeSpent;itemsSelected;finalvalue;finalweight;ReverseButtons;instanceNumber;pay;xyCoordinates;RandomNumber;SubmittedNumber
1;1;0;0;1.292262;;0;0;0;14;0;(-303.1089,175)(4.286122E-14,-350)(303.1089,-175)(0,350)(303.1089,175)(-303.1089,-175);7584;7584
1;2;1;1;1.10528;;0;0;1;4;1.5;(-303.1089,175)(303.1089,175)(303.1089,-175)(4.286122E-14,-350)(0,350)(-303.1089,-175);1480;1480
1;3;2;0;1.880341;;0;0;0;7;0;(303.1089,-175)(0,350)(-303.1089,175)(4.286122E-14,-350)(303.1089,175)(-303.1089,-175);9266;0
1;4;0;0;1.350562;;0;0;0;11;0;(4.286122E-14,-350)(0,350)(303.1089,-175)(303.1089,175)(-303.1089,-175)(-303.1089,175);9775;0
1;5;0;0;2;;0;0;0;2;0;(349.6476,-15.70269)(0,350)(-332.8698,108.156)(179.5148,300.4571)(-179.5148,300.4571)(-62.49491,344.3754)(346.8324,46.98164)(-349.6476,-15.70269)(332.8698,108.156)(321.8347,-137.5588)(-31.37376,-348.591)(-93.11289,-337.387)(-252.9782,-241.8719)(292.1006,-192.8139)(122.9812,327.6822)(-292.1006,-192.8139)(-230.2785,263.575)(252.9782,-241.8719)(31.37376,-348.591)(308.2084,165.854)(230.2785,263.575)(-205.7248,-283.1559)(-346.8324,46.98164)(62.49491,344.3754)(-273.641,218.2214)(-151.8593,-315.3391)(-321.8347,-137.5588)(93.11289,-337.387)(341.2248,-77.88232)(-308.2084,165.854)(-122.9812,327.6822)(151.8593,-315.3391)(273.641,218.2214)(-341.2248,-77.88232)(205.7248,-283.1559);1031;0
1;6;0;0;0.1217346;;0;0;0;8;0;(-303.1089,-175)(-303.1089,175)(303.1089,-175)(303.1089,175)(4.286122E-14,-350)(0,350);2096;0
1;7;1;0;0.991681;;0;0;1;10;0;(4.286122E-14,-350)(-303.1089,-175)(-303.1089,175)(303.1089,175)(0,350)(303.1089,-175);4337;0
1;8;1;0;1.163136;;0;0;1;1;0;(-303.1089,175)(0,350)(303.1089,-175)(303.1089,175)(-175,303.1089)(-350,-6.429183E-14)(175,-303.1089)(4.286122E-14,-350)(-303.1089,-175)(175,303.1089)(-175,-303.1089)(350,2.143061E-14);2554;2554
