PartcipantID:1
RandID:1
InitialTimeStamp:11-38-23-875
block;trial;answer;correct;timeSpent;itemsSelected;finalvalue;finalweight;ReverseButtons;instanceNumber;pay;xyCoordinates;RandomNumber;SubmittedNumber
1;1;2;0;2;;0;0;0;5;0;(303.1089,-175)(-303.1089,175)(0,350)(-303.1089,-175)(303.1089,175)(4.286122E-14,-350);3440;123415
1;2;2;0;2;;0;0;0;6;0;(0,350)(-303.1089,175)(4.286122E-14,-350)(-303.1089,-175)(303.1089,-175)(303.1089,175);6694;545455
1;3;2;0;2;;0;0;0;14;0;(0,350)(303.1089,-175)(-303.1089,-175)(-303.1089,175)(303.1089,175)(4.286122E-14,-350);6784;555555
1;4;2;0;2;;0;0;0;4;0;(303.1089,175)(-303.1089,-175)(303.1089,-175)(0,350)(4.286122E-14,-350)(-303.1089,175);7982;0
1;5;2;0;2;;0;0;1;1;0;(0,350)(350,2.143061E-14)(-303.1089,-175)(-350,-6.429183E-14)(175,303.1089)(175,-303.1089)(-175,303.1089)(-175,-303.1089)(4.286122E-14,-350)(-303.1089,175)(303.1089,175)(303.1089,-175);2903;0
1;6;0;0;1.334611;;0;0;0;10;0;(303.1089,175)(-303.1089,175)(0,350)(4.286122E-14,-350)(-303.1089,-175)(303.1089,-175);3304;0
1;7;0;0;1.30054;;0;0;0;3;0;(4.286122E-14,-350)(0,350)(303.1089,-175)(-303.1089,-175)(-303.1089,175)(303.1089,175);9604;0
1;8;1;0;0.9238483;;0;0;1;16;0;(303.1089,175)(303.1089,-175)(0,350)(-303.1089,175)(-303.1089,-175)(4.286122E-14,-350);8261;0
