PartcipantID:1
RandID:1
InitialTimeStamp:11-52-23-153
block;trial;answer;correct;timeSpent;itemsSelected;finalvalue;finalweight;ReverseButtons;instanceNumber;pay;xyCoordinates;RandomNumber;SubmittedNumber
1;1;1;0;2;;0;0;1;5;0;(303.1089,-175)(0,350)(4.286122E-14,-350)(-303.1089,-175)(-303.1089,175)(303.1089,175);3235;1
1;2;1;0;2;3;37;20;1;6;0;(4.286122E-14,-350)(303.1089,175)(-303.1089,175)(303.1089,-175)(0,350)(-303.1089,-175);6579;1
1;3;2;0;2;4;10;30;1;14;0;(4.286122E-14,-350)(-303.1089,175)(303.1089,175)(0,350)(303.1089,-175)(-303.1089,-175);8560;0
1;4;1;0;2;3;14;42;1;4;0;(303.1089,-175)(4.286122E-14,-350)(0,350)(303.1089,175)(-303.1089,175)(-303.1089,-175);3016;1111
1;5;0;0;2;10;20;20;0;1;0;(-303.1089,175)(303.1089,175)(-303.1089,-175)(4.286122E-14,-350)(175,-303.1089)(175,303.1089)(-350,-6.429183E-14)(0,350)(303.1089,-175)(-175,303.1089)(350,2.143061E-14)(-175,-303.1089);3815;111111
1;6;1;0;2;3;13;27;1;10;0;(-303.1089,175)(-303.1089,-175)(4.286122E-14,-350)(303.1089,-175)(303.1089,175)(0,350);3824;111
1;7;0;0;2;;0;0;0;3;0;(0,350)(-303.1089,-175)(303.1089,-175)(-303.1089,175)(303.1089,175)(4.286122E-14,-350);6866;111555
1;8;0;0;2;2;38;49;0;16;0;(-303.1089,-175)(4.286122E-14,-350)(303.1089,-175)(-303.1089,175)(0,350)(303.1089,175);9756;1
