PartcipantID:41
RandID:1
InitialTimeStamp:11-29-52-033
block;trial;answer;correct;timeSpent;itemsSelected;finalvalue;finalweight;ReverseButtons;instanceNumber;pay;xyCoordinates;RandomNumber;SubmittedNumber
1;1;2;0;2;;0;0;0;5;0;(-303.1089,-175)(303.1089,-175)(-303.1089,175)(0,350)(303.1089,175)(4.286122E-14,-350);6837;6837
1;2;2;0;2;;0;0;0;6;0;(4.286122E-14,-350)(0,350)(303.1089,-175)(-303.1089,175)(-303.1089,-175)(303.1089,175);9418;111
1;3;2;0;2;;0;0;0;14;0;(4.286122E-14,-350)(303.1089,-175)(-303.1089,-175)(303.1089,175)(0,350)(-303.1089,175);6463;0
1;4;2;0;2;;0;0;1;4;0;(303.1089,-175)(4.286122E-14,-350)(-303.1089,175)(303.1089,175)(0,350)(-303.1089,-175);7695;0
1;5;2;0;2;;0;0;0;1;0;(-175,-303.1089)(303.1089,175)(-175,303.1089)(-303.1089,175)(175,303.1089)(-303.1089,-175)(-350,-6.429183E-14)(4.286122E-14,-350)(175,-303.1089)(350,2.143061E-14)(303.1089,-175)(0,350);1771;5
1;6;2;0;2;;0;0;0;10;0;(303.1089,175)(303.1089,-175)(-303.1089,175)(0,350)(-303.1089,-175)(4.286122E-14,-350);8199;1
1;7;2;0;2;;0;0;0;3;0;(-303.1089,-175)(0,350)(-303.1089,175)(303.1089,175)(303.1089,-175)(4.286122E-14,-350);5745;0
1;8;2;0;2;;0;0;0;16;0;(4.286122E-14,-350)(303.1089,-175)(-303.1089,175)(303.1089,175)(-303.1089,-175)(0,350);9221;9221
