decision:1
size:0
numberOfTrials:12
numberOfBlocks:6
numberOfInstances:24
numberOfSaccadeTrials:16
numberOfSaccadeBlocks:7
instanceRandomization:[3,16,14,8,6,9,15,10,5,13,12,17,7,2,4,11,1,18,4,11,17,5,18,3,16,10,12,7,14,9,2,6,8,13,1,15,9,11,17,1,5,2,8,13,14,3,18,10,16,4,12,15,6,7]
SaccadeRandomization:[2,0,1,3,2,3,1,0,2,2,1,1,0,0,3,3,1,2,1,2,2,3,1,0,0,3,1,0,3,3,0,2,2,1,1,0,3,1,3,2,1,0,2,3,0,0,2,3,2,1,1,0,0,0,3,3,2,0,1,3,2,2,3,1]
cost:0
reward:1
reward_amount:[0.01,2,1,2,0.01,1,1,0.01,2,1,2,2,1,0.01,2,0.01,0.01,1,1,2,0.01,0.01,0.01,1,1,1,0.01,0.01,2,2,2,1,1,2,2,0.01,0.01,1,1,1,1,1,0.01,0.01,0.01,2,2,2,0.01,0.01,1,2,2,2]
