decision:1
size:0
numberOfTrials:12
numberOfBlocks:6
numberOfInstances:24
numberOfSaccadeTrials:16
numberOfSaccadeBlocks:7
instanceRandomization:[16,9,7,4,11,15,3,13,1,12,14,10,17,2,18,5,6,8,5,7,6,2,10,16,17,18,9,11,14,8,12,13,15,1,3,4,16,10,6,2,5,15,14,12,9,8,4,13,7,18,3,11,17,1]
SaccadeRandomization:[2,0,1,3,2,3,1,0,2,2,1,1,0,0,3,3,1,2,1,2,2,3,1,0,0,3,1,0,3,3,0,2,2,1,1,0,3,1,3,2,1,0,2,3,0,0,2,3,2,1,1,0,0,0,3,3,2,0,1,3,2,2,3,1]
cost:0
reward:1
reward_amount:[2,1,1,2,0.01,1,0.01,1,0.01,2,1,0.01,2,0.01,1,2,0.01,2,0.01,0.01,1,2,1,1,0.01,0.01,2,2,2,1,0.01,2,0.01,2,1,1,0.01,2,2,1,1,2,0.01,1,0.01,0.01,0.01,0.01,2,2,2,1,1,1]
