decision:1
size:0
numberOfTrials:12
numberOfBlocks:6
numberOfInstances:24
numberOfSaccadeTrials:16
numberOfSaccadeBlocks:7
instanceRandomization:[18,7,12,1,17,8,4,16,6,13,10,15,2,3,5,14,9,11,2,18,13,4,8,15,9,10,1,11,3,17,5,7,12,16,6,14,1,12,6,7,16,13,11,5,14,4,2,8,9,15,18,17,10,3]
SaccadeRandomization:[2,0,1,3,2,3,1,0,2,2,1,1,0,0,3,3,1,2,1,2,2,3,1,0,0,3,1,0,3,3,0,2,2,1,1,0,3,1,3,2,1,0,2,3,0,0,2,3,2,1,1,0,0,0,3,3,2,0,1,3,2,2,3,1]
cost:0
reward:1
reward_amount:[1,1,2,0.01,2,2,2,2,0.01,1,0.01,1,0.01,0.01,2,1,1,0.01,2,0.01,2,1,1,0.01,2,1,2,2,1,0.01,0.01,0.01,0.01,1,1,2,1,1,2,2,0.01,0.01,1,1,0.01,0.01,1,0.01,0.01,2,2,1,2,2]
