decision:1
size:0
numberOfTrials:12
numberOfBlocks:6
numberOfInstances:24
numberOfSaccadeTrials:16
numberOfSaccadeBlocks:7
instanceRandomization:[13,10,5,16,3,6,9,14,7,12,11,2,4,18,17,8,1,15,18,9,12,2,15,6,14,8,4,7,10,11,16,3,1,13,17,5,5,8,14,3,16,9,1,18,12,4,15,17,10,13,2,7,11,6]
SaccadeRandomization:[2,0,1,3,2,3,1,0,2,2,1,1,0,0,3,3,1,2,1,2,2,3,1,0,0,3,1,0,3,3,0,2,2,1,1,0,3,1,3,2,1,0,2,3,0,0,2,3,2,1,1,0,0,0,3,3,2,0,1,3,2,2,3,1]
cost:0
reward:1
reward_amount:[1,0.01,2,2,0.01,0.01,1,1,1,2,0.01,0.01,2,1,2,2,0.01,1,0.01,2,0.01,2,0.01,1,2,1,1,0.01,1,2,1,1,2,2,0.01,0.01,1,0.01,0.01,2,0.01,0.01,1,2,1,0.01,2,1,2,0.01,1,2,1,2]
