decision:1
size:0
numberOfTrials:12
numberOfBlocks:6
numberOfInstances:24
numberOfSaccadeTrials:16
numberOfSaccadeBlocks:7
instanceRandomization:[7,17,15,16,4,9,12,5,1,6,8,13,18,3,10,2,14,11,17,1,4,8,7,16,11,5,14,18,12,3,9,2,6,10,15,13,8,14,10,16,11,4,18,6,3,9,12,15,7,13,2,1,5,17]
SaccadeRandomization:[2,0,1,3,2,3,1,0,2,2,1,1,0,0,3,3,1,2,1,2,2,3,1,0,0,3,1,0,3,3,0,2,2,1,1,0,3,1,3,2,1,0,2,3,0,0,2,3,2,1,1,0,0,0,3,3,2,0,1,3,2,2,3,1]
cost:0
reward:1
reward_amount:[1,2,1,2,2,1,2,2,0.01,0.01,2,1,1,0.01,0.01,0.01,1,0.01,0.01,2,1,1,0.01,1,2,0.01,2,0.01,0.01,1,2,2,1,1,0.01,2,0.01,0.01,2,0.01,1,0.01,2,2,2,0.01,1,2,2,0.01,1,1,1,1]
