decision:1
size:0
numberOfTrials:12
numberOfBlocks:6
numberOfInstances:24
numberOfSaccadeTrials:16
numberOfSaccadeBlocks:7
instanceRandomization:[17,7,1,10,18,5,13,3,12,11,16,9,8,4,2,15,14,6,5,11,10,4,7,17,3,14,18,12,16,13,2,15,6,1,9,8,14,17,10,12,15,9,6,1,3,11,13,2,18,8,5,16,7,4]
SaccadeRandomization:[2,0,1,3,2,3,1,0,2,2,1,1,0,0,3,3,1,2,1,2,2,3,1,0,0,3,1,0,3,3,0,2,2,1,1,0,3,1,3,2,1,0,2,3,0,0,2,3,2,1,1,0,0,0,3,3,2,0,1,3,2,2,3,1]
cost:0
reward:1
reward_amount:[2,1,0.01,0.01,1,2,1,0.01,2,0.01,2,1,2,2,0.01,1,1,0.01,0.01,2,1,1,0.01,0.01,1,2,0.01,0.01,1,2,2,0.01,1,2,2,1,0.01,1,2,1,2,0.01,2,1,2,1,0.01,1,2,0.01,1,0.01,2,0.01]
