decision:1
size:0
numberOfTrials:12
numberOfBlocks:6
numberOfInstances:24
numberOfSaccadeTrials:16
numberOfSaccadeBlocks:7
instanceRandomization:[7,13,18,16,8,6,3,5,11,9,15,10,14,17,4,2,1,12,2,14,18,3,4,12,11,8,15,6,7,16,9,17,13,1,5,10,11,7,17,12,5,18,4,6,14,9,3,13,10,2,15,16,1,8]
SaccadeRandomization:[2,0,1,3,2,3,1,0,2,2,1,1,0,0,3,3,1,2,1,2,2,3,1,0,0,3,1,0,3,3,0,2,2,1,1,0,3,1,3,2,1,0,2,3,0,0,2,3,2,1,1,0,0,0,3,3,2,0,1,3,2,2,3,1]
cost:0
reward:1
reward_amount:[1,1,1,2,2,0.01,0.01,2,0.01,1,1,0.01,1,2,2,0.01,0.01,2,2,2,0.01,1,1,0.01,2,1,0.01,1,0.01,1,2,0.01,2,2,0.01,1,1,2,1,1,1,2,0.01,2,0.01,0.01,2,0.01,2,1,2,0.01,1,0.01]
