decision:1
size:0
numberOfTrials:12
numberOfBlocks:6
numberOfInstances:24
numberOfSaccadeTrials:16
numberOfSaccadeBlocks:7
instanceRandomization:[15,2,1,14,8,12,3,9,13,4,17,10,18,5,16,7,11,6,1,17,16,11,2,14,8,3,9,10,4,15,6,18,12,5,13,7,7,10,18,3,4,14,15,5,8,12,16,9,1,13,17,2,6,11]
SaccadeRandomization:[2,0,1,3,2,3,1,0,2,2,1,1,0,0,3,3,1,2,1,2,2,3,1,0,0,3,1,0,3,3,0,2,2,1,1,0,3,1,3,2,1,0,2,3,0,0,2,3,2,1,1,0,0,0,3,3,2,0,1,3,2,2,3,1]
cost:0
reward:1
reward_amount:[1,0.01,0.01,1,2,2,0.01,1,1,2,2,0.01,1,2,2,1,0.01,0.01,2,0.01,1,2,2,2,1,1,2,1,1,0.01,1,0.01,0.01,0.01,2,0.01,2,2,2,2,0.01,0.01,2,1,0.01,1,0.01,0.01,1,0.01,1,1,2,1]
