decision:1
size:0
numberOfTrials:12
numberOfBlocks:6
numberOfInstances:24
numberOfSaccadeTrials:16
numberOfSaccadeBlocks:7
instanceRandomization:[12,9,4,3,15,18,16,10,1,11,17,6,7,2,13,14,5,8,1,9,6,15,8,17,14,10,5,11,16,18,3,12,7,2,13,4,3,11,1,6,9,16,13,12,18,2,4,10,7,15,14,8,5,17]
SaccadeRandomization:[2,0,1,3,2,3,1,0,2,2,1,1,0,0,3,3,1,2,1,2,2,3,1,0,0,3,1,0,3,3,0,2,2,1,1,0,3,1,3,2,1,0,2,3,0,0,2,3,2,1,1,0,0,0,3,3,2,0,1,3,2,2,3,1]
cost:0
reward:1
reward_amount:[2,1,2,0.01,1,1,2,0.01,0.01,0.01,2,0.01,1,0.01,1,1,2,2,2,2,1,0.01,1,0.01,2,1,0.01,2,1,0.01,1,0.01,0.01,2,2,1,2,1,1,2,0.01,0.01,0.01,1,2,1,0.01,2,2,2,0.01,0.01,1,1]
