decision:1
size:0
numberOfTrials:12
numberOfBlocks:6
numberOfInstances:24
numberOfSaccadeTrials:16
numberOfSaccadeBlocks:7
instanceRandomization:[6,8,2,16,10,5,14,11,13,1,17,12,3,18,9,15,4,7,18,7,16,9,3,5,4,8,13,12,17,10,11,14,2,6,1,15,7,4,16,15,18,12,5,11,6,14,13,9,1,3,2,8,17,10]
SaccadeRandomization:[2,0,1,3,2,3,1,0,2,2,1,1,0,0,3,3,1,2,1,2,2,3,1,0,0,3,1,0,3,3,0,2,2,1,1,0,3,1,3,2,1,0,2,3,0,0,2,3,2,1,1,0,0,0,3,3,2,0,1,3,2,2,3,1]
cost:0
reward:1
reward_amount:[0.01,2,0.01,2,0.01,2,1,0.01,1,0.01,2,2,0.01,1,1,1,2,1,0.01,0.01,1,2,1,0.01,1,1,2,0.01,0.01,1,2,2,2,1,2,0.01,2,0.01,0.01,2,2,1,1,1,2,0.01,0.01,0.01,1,2,1,0.01,1,2]
