decision:1
size:0
numberOfTrials:12
numberOfBlocks:6
numberOfInstances:24
numberOfSaccadeTrials:16
numberOfSaccadeBlocks:7
instanceRandomization:[18,8,11,3,4,15,12,13,6,17,16,1,2,10,7,9,14,5,14,2,8,18,11,17,3,6,9,15,13,10,1,5,16,7,4,12,11,4,14,12,7,1,13,6,18,5,2,16,3,10,8,15,9,17]
SaccadeRandomization:[2,0,1,3,2,3,1,0,2,2,1,1,0,0,3,3,1,2,1,2,2,3,1,0,0,3,1,0,3,3,0,2,2,1,1,0,3,1,3,2,1,0,2,3,0,0,2,3,2,1,1,0,0,0,3,3,2,0,1,3,2,2,3,1]
cost:0
reward:1
reward_amount:[2,2,0.01,1,0.01,0.01,1,0.01,0.01,2,1,1,2,1,2,2,1,0.01,2,1,0.01,1,1,0.01,2,2,0.01,1,1,0.01,0.01,2,0.01,1,2,2,2,1,0.01,0.01,0.01,2,2,1,0.01,1,0.01,2,0.01,2,1,2,1,1]
