decision:1
size:0
numberOfTrials:12
numberOfBlocks:6
numberOfInstances:24
numberOfSaccadeTrials:16
numberOfSaccadeBlocks:7
instanceRandomization:[8,6,7,16,3,13,11,18,4,14,5,17,12,10,1,9,15,2,1,5,14,2,17,7,9,10,13,12,18,3,16,4,11,15,6,8,17,3,7,13,10,14,4,11,5,6,8,18,16,15,2,1,9,12]
SaccadeRandomization:[2,0,1,3,2,3,1,0,2,2,1,1,0,0,3,3,1,2,1,2,2,3,1,0,0,3,1,0,3,3,0,2,2,1,1,0,3,1,3,2,1,0,2,3,0,0,2,3,2,1,1,0,0,0,3,3,2,0,1,3,2,2,3,1]
cost:0
reward:1
reward_amount:[2,0.01,1,2,0.01,1,0.01,1,2,1,2,2,2,0.01,0.01,1,1,0.01,2,0.01,2,2,0.01,0.01,2,1,2,0.01,0.01,1,1,1,2,0.01,1,1,1,2,2,0.01,2,0.01,0.01,1,1,2,0.01,2,0.01,2,1,1,0.01,1]
