decision:1
size:0
numberOfTrials:12
numberOfBlocks:6
numberOfInstances:24
numberOfSaccadeTrials:16
numberOfSaccadeBlocks:7
instanceRandomization:[11,16,5,10,12,13,6,17,4,9,8,18,2,7,1,15,14,3,11,12,17,13,3,4,15,8,5,7,18,14,16,6,10,2,1,9,12,15,11,3,1,17,10,18,5,16,7,6,4,9,14,2,8,13]
SaccadeRandomization:[2,0,1,3,2,3,1,0,2,2,1,1,0,0,3,3,1,2,1,2,2,3,1,0,0,3,1,0,3,3,0,2,2,1,1,0,3,1,3,2,1,0,2,3,0,0,2,3,2,1,1,0,0,0,3,3,2,0,1,3,2,2,3,1]
cost:0
reward:1
reward_amount:[0.01,2,2,0.01,2,1,0.01,2,2,1,2,1,0.01,1,0.01,1,1,0.01,2,0.01,0.01,2,1,1,0.01,1,0.01,0.01,0.01,2,1,1,1,2,2,2,1,2,1,2,1,1,2,2,1,0.01,2,2,0.01,0.01,0.01,1,0.01,0.01]
