decision:1
size:0
numberOfTrials:12
numberOfBlocks:6
numberOfInstances:24
numberOfSaccadeTrials:16
numberOfSaccadeBlocks:7
instanceRandomization:[17,1,12,9,13,4,5,16,8,15,11,7,6,3,18,10,2,14,16,8,17,2,11,7,14,6,1,5,10,3,12,9,15,4,18,13,6,5,12,16,18,15,8,7,3,11,17,10,13,1,14,4,9,2]
SaccadeRandomization:[2,0,1,3,2,3,1,0,2,2,1,1,0,0,3,3,1,2,1,2,2,3,1,0,0,3,1,0,3,3,0,2,2,1,1,0,3,1,3,2,1,0,2,3,0,0,2,3,2,1,1,0,0,0,3,3,2,0,1,3,2,2,3,1]
cost:0
reward:1
reward_amount:[2,0.01,2,1,1,2,2,2,2,1,0.01,1,0.01,0.01,1,0.01,0.01,1,1,1,0.01,2,2,0.01,2,1,2,0.01,1,1,0.01,2,0.01,1,0.01,2,2,1,1,0.01,2,2,0.01,2,2,1,1,2,0.01,1,0.01,0.01,0.01,1]
