decision:1
size:0
numberOfTrials:12
numberOfBlocks:6
numberOfInstances:24
numberOfSaccadeTrials:16
numberOfSaccadeBlocks:7
instanceRandomization:[2,10,5,17,4,9,11,13,15,18,6,12,7,3,14,1,16,8,9,3,15,1,18,2,12,16,8,17,14,4,6,13,5,7,11,10,15,13,5,4,17,12,1,8,7,9,10,3,11,18,2,14,6,16]
SaccadeRandomization:[2,0,1,3,2,3,1,0,2,2,1,1,0,0,3,3,1,2,1,2,2,3,1,0,0,3,1,0,3,3,0,2,2,1,1,0,3,1,3,2,1,0,2,3,0,0,2,3,2,1,1,0,0,0,3,3,2,0,1,3,2,2,3,1]
cost:0
reward:1
reward_amount:[0.01,0.01,2,2,2,1,0.01,1,1,1,0.01,2,1,0.01,1,0.01,2,2,2,1,0.01,2,0.01,2,0.01,1,1,0.01,2,1,1,2,0.01,0.01,2,1,2,0.01,1,0.01,1,1,1,0.01,2,0.01,2,2,1,2,1,0.01,2,0.01]
