decision:1
size:0
numberOfTrials:12
numberOfBlocks:6
numberOfInstances:24
numberOfSaccadeTrials:16
numberOfSaccadeBlocks:7
instanceRandomization:[5,17,10,12,15,1,18,9,2,16,3,7,8,11,14,13,4,6,6,17,10,9,2,18,5,11,16,8,13,3,1,12,4,14,15,7,6,12,2,3,13,14,18,11,8,7,4,16,10,15,9,17,1,5]
SaccadeRandomization:[2,0,1,3,2,3,1,0,2,2,1,1,0,0,3,3,1,2,1,2,2,3,1,0,0,3,1,0,3,3,0,2,2,1,1,0,3,1,3,2,1,0,2,3,0,0,2,3,2,1,1,0,0,0,3,3,2,0,1,3,2,2,3,1]
cost:0
reward:1
reward_amount:[2,2,0.01,2,1,0.01,1,1,0.01,2,0.01,1,2,0.01,1,1,2,0.01,1,0.01,1,2,2,0.01,0.01,2,1,1,2,1,2,0.01,1,2,0.01,0.01,2,1,1,2,0.01,0.01,2,1,0.01,2,0.01,0.01,2,2,0.01,1,1,1]
