decision:1
size:0
numberOfTrials:12
numberOfBlocks:6
numberOfInstances:24
numberOfSaccadeTrials:16
numberOfSaccadeBlocks:7
instanceRandomization:[17,9,1,10,15,7,6,13,5,3,11,14,8,2,18,12,16,4,17,12,5,8,1,9,18,15,3,6,13,2,10,4,16,14,7,11,13,10,7,17,1,3,4,14,9,2,18,16,12,8,15,6,5,11]
SaccadeRandomization:[2,0,1,3,2,3,1,0,2,2,1,1,0,0,3,3,1,2,1,2,2,3,1,0,0,3,1,0,3,3,0,2,2,1,1,0,3,1,3,2,1,0,2,3,0,0,2,3,2,1,1,0,0,0,3,3,2,0,1,3,2,2,3,1]
cost:0
reward:1
reward_amount:[2,1,0.01,0.01,1,1,0.01,1,2,0.01,0.01,1,2,0.01,1,2,2,2,0.01,0.01,0.01,1,2,2,0.01,0.01,1,1,2,2,1,1,1,2,0.01,2,0.01,2,2,1,1,2,0.01,0.01,0.01,1,2,0.01,1,0.01,2,2,1,1]
