decision:1
size:0
numberOfTrials:12
numberOfBlocks:6
numberOfInstances:24
numberOfSaccadeTrials:16
numberOfSaccadeBlocks:7
instanceRandomization:[15,4,6,17,13,2,11,7,12,10,5,9,1,14,3,8,18,16,17,4,9,10,15,14,1,11,3,12,16,5,7,18,6,13,2,8,12,1,10,18,8,6,14,4,13,7,16,2,9,17,15,11,3,5]
SaccadeRandomization:[2,0,1,3,2,3,1,0,2,2,1,1,0,0,3,3,1,2,1,2,2,3,1,0,0,3,1,0,3,3,0,2,2,1,1,0,3,1,3,2,1,0,2,3,0,0,2,3,2,1,1,0,0,0,3,3,2,0,1,3,2,2,3,1]
cost:0
reward:1
reward_amount:[1,2,0.01,2,1,0.01,0.01,1,2,0.01,2,1,0.01,1,0.01,2,1,2,0.01,1,2,1,0.01,2,2,2,1,0.01,1,0.01,0.01,0.01,1,2,2,1,1,1,2,2,0.01,2,0.01,0.01,0.01,2,0.01,1,0.01,1,2,1,2,1]
