decision:1
size:0
numberOfTrials:12
numberOfBlocks:6
numberOfInstances:24
numberOfSaccadeTrials:16
numberOfSaccadeBlocks:7
instanceRandomization:[10,18,6,11,17,1,8,15,4,14,7,13,5,16,9,2,3,12,18,2,11,15,9,5,6,17,12,3,13,4,16,7,10,8,1,14,8,5,4,16,9,14,7,2,13,15,1,3,17,12,11,10,18,6]
SaccadeRandomization:[2,0,1,3,2,3,1,0,2,2,1,1,0,0,3,3,1,2,1,2,2,3,1,0,0,3,1,0,3,3,0,2,2,1,1,0,3,1,3,2,1,0,2,3,0,0,2,3,2,1,1,0,0,0,3,3,2,0,1,3,2,2,3,1]
cost:0
reward:1
reward_amount:[0.01,1,0.01,0.01,2,0.01,2,1,2,1,1,1,2,2,1,0.01,0.01,2,0.01,2,2,0.01,2,0.01,1,0.01,0.01,1,2,1,1,0.01,1,1,2,2,0.01,1,0.01,0.01,0.01,0.01,2,1,0.01,2,1,2,1,1,1,2,2,2]
