decision:1
size:0
numberOfTrials:12
numberOfBlocks:6
numberOfInstances:24
numberOfSaccadeTrials:16
numberOfSaccadeBlocks:7
instanceRandomization:[13,17,8,6,7,4,1,15,9,5,16,11,10,2,3,18,14,12,15,9,10,17,1,5,11,4,14,8,12,18,2,3,7,13,6,16,1,10,3,12,5,8,13,15,14,4,7,18,2,11,9,17,6,16]
SaccadeRandomization:[2,0,1,3,2,3,1,0,2,2,1,1,0,0,3,3,1,2,1,2,2,3,1,0,0,3,1,0,3,3,0,2,2,1,1,0,3,1,3,2,1,0,2,3,0,0,2,3,2,1,1,0,0,0,3,3,2,0,1,3,2,2,3,1]
cost:0
reward:1
reward_amount:[1,2,2,0.01,1,2,0.01,1,1,2,2,0.01,0.01,0.01,0.01,1,1,2,0.01,2,1,0.01,2,0.01,2,1,2,1,0.01,0.01,2,1,0.01,2,1,1,1,2,2,1,1,0.01,0.01,2,0.01,0.01,2,2,1,1,0.01,1,2,0.01]
