decision:1
size:0
numberOfTrials:12
numberOfBlocks:6
numberOfInstances:24
numberOfSaccadeTrials:16
numberOfSaccadeBlocks:7
instanceRandomization:[12,17,10,15,5,4,7,6,13,9,8,11,14,18,16,2,3,1,2,10,17,9,3,16,11,1,14,8,5,6,13,15,12,18,7,4,12,1,15,2,4,18,16,11,10,17,3,14,6,8,5,9,7,13]
SaccadeRandomization:[2,0,1,3,2,3,1,0,2,2,1,1,0,0,3,3,1,2,1,2,2,3,1,0,0,3,1,0,3,3,0,2,2,1,1,0,3,1,3,2,1,0,2,3,0,0,2,3,2,1,1,0,0,0,3,3,2,0,1,3,2,2,3,1]
cost:0
reward:1
reward_amount:[2,2,0.01,1,2,2,1,0.01,1,1,2,0.01,1,1,2,0.01,0.01,0.01,2,1,0.01,2,1,1,2,2,2,1,0.01,1,2,0.01,0.01,0.01,0.01,1,1,1,2,1,0.01,2,0.01,1,2,1,2,0.01,2,0.01,1,0.01,2,0.01]
