decision:1
size:0
numberOfTrials:12
numberOfBlocks:6
numberOfInstances:24
numberOfSaccadeTrials:16
numberOfSaccadeBlocks:7
instanceRandomization:[11,17,7,4,13,3,6,10,15,1,14,18,5,16,2,9,8,12,18,6,2,3,15,11,9,7,17,12,16,14,4,13,10,8,1,5,14,10,6,9,4,8,3,16,18,17,13,12,15,5,7,2,1,11]
SaccadeRandomization:[2,0,1,3,2,3,1,0,2,2,1,1,0,0,3,3,1,2,1,2,2,3,1,0,0,3,1,0,3,3,0,2,2,1,1,0,3,1,3,2,1,0,2,3,0,0,2,3,2,1,1,0,0,0,3,3,2,0,1,3,2,2,3,1]
cost:0
reward:1
reward_amount:[0.01,2,1,2,1,0.01,0.01,0.01,1,0.01,1,1,2,2,0.01,1,2,2,0.01,1,2,1,0.01,2,2,0.01,0.01,0.01,1,2,1,2,1,1,2,0.01,0.01,2,2,0.01,0.01,0.01,2,0.01,2,1,0.01,1,2,1,2,1,1,1]
