decision:1
size:0
numberOfTrials:12
numberOfBlocks:6
numberOfInstances:24
numberOfSaccadeTrials:16
numberOfSaccadeBlocks:7
instanceRandomization:[15,1,8,9,17,13,7,2,3,4,12,6,14,11,5,16,10,18,3,12,14,10,5,18,2,11,16,17,6,8,1,9,4,15,13,7,8,15,18,11,13,9,5,3,2,14,12,7,6,16,17,1,4,10]
SaccadeRandomization:[2,0,1,3,2,3,1,0,2,2,1,1,0,0,3,3,1,2,1,2,2,3,1,0,0,3,1,0,3,3,0,2,2,1,1,0,3,1,3,2,1,0,2,3,0,0,2,3,2,1,1,0,0,0,3,3,2,0,1,3,2,2,3,1]
cost:0
reward:1
reward_amount:[1,0.01,2,1,2,1,1,0.01,0.01,2,2,0.01,1,0.01,2,2,0.01,1,1,0.01,2,1,0.01,0.01,2,2,1,0.01,1,1,2,2,1,0.01,2,0.01,0.01,2,2,1,0.01,0.01,1,2,1,0.01,1,2,2,0.01,1,1,0.01,2]
