decision:1
size:0
numberOfTrials:12
numberOfBlocks:6
numberOfInstances:24
numberOfSaccadeTrials:16
numberOfSaccadeBlocks:7
instanceRandomization:[15,12,17,11,8,1,4,5,13,3,6,7,18,14,2,9,16,10,13,3,15,5,8,16,10,7,1,11,17,4,2,6,18,9,12,14,18,15,8,2,10,3,16,4,9,1,17,13,7,11,14,5,6,12]
SaccadeRandomization:[2,0,1,3,2,3,1,0,2,2,1,1,0,0,3,3,1,2,1,2,2,3,1,0,0,3,1,0,3,3,0,2,2,1,1,0,3,1,3,2,1,0,2,3,0,0,2,3,2,1,1,0,0,0,3,3,2,0,1,3,2,2,3,1]
cost:0
reward:1
reward_amount:[1,2,2,0.01,2,0.01,2,2,1,0.01,0.01,1,1,1,0.01,1,2,0.01,2,1,0.01,0.01,1,1,1,0.01,2,2,0.01,1,2,1,0.01,2,0.01,2,2,2,0.01,1,2,2,0.01,0.01,0.01,1,1,0.01,2,1,0.01,1,2,1]
