decision:1
size:0
numberOfTrials:12
numberOfBlocks:6
numberOfInstances:24
numberOfSaccadeTrials:16
numberOfSaccadeBlocks:7
instanceRandomization:[12,8,9,3,1,16,4,13,15,6,7,11,17,10,14,5,18,2,13,7,18,15,3,2,8,4,12,11,10,16,9,5,6,1,14,17,6,13,14,5,2,11,16,8,10,3,15,1,12,4,9,17,18,7]
SaccadeRandomization:[2,0,1,3,2,3,1,0,2,2,1,1,0,0,3,3,1,2,1,2,2,3,1,0,0,3,1,0,3,3,0,2,2,1,1,0,3,1,3,2,1,0,2,3,0,0,2,3,2,1,1,0,0,0,3,3,2,0,1,3,2,2,3,1]
cost:0
reward:1
reward_amount:[2,2,1,0.01,0.01,2,2,1,1,0.01,1,0.01,2,0.01,1,2,1,0.01,2,0.01,0.01,0.01,1,2,1,1,0.01,2,1,1,2,0.01,1,2,2,0.01,2,0.01,0.01,1,1,1,0.01,0.01,2,2,2,1,1,0.01,0.01,1,2,2]
