decision:1
size:0
numberOfTrials:12
numberOfBlocks:6
numberOfInstances:24
numberOfSaccadeTrials:16
numberOfSaccadeBlocks:7
instanceRandomization:[18,13,8,1,5,14,4,7,12,9,17,15,2,11,3,16,6,10,2,11,18,7,14,17,1,5,9,16,10,4,6,15,3,8,13,12,4,10,18,17,1,3,8,16,12,14,7,9,5,11,6,15,2,13]
SaccadeRandomization:[2,0,1,3,2,3,1,0,2,2,1,1,0,0,3,3,1,2,1,2,2,3,1,0,0,3,1,0,3,3,0,2,2,1,1,0,3,1,3,2,1,0,2,3,0,0,2,3,2,1,1,0,0,0,3,3,2,0,1,3,2,2,3,1]
cost:0
reward:1
reward_amount:[1,1,2,0.01,2,1,2,1,2,1,2,1,0.01,0.01,0.01,2,0.01,0.01,2,2,0.01,0.01,2,0.01,2,0.01,2,1,1,1,1,0.01,1,1,2,0.01,0.01,2,2,1,1,2,0.01,0.01,1,0.01,2,0.01,1,1,2,2,1,0.01]
