decision:1
size:0
numberOfTrials:12
numberOfBlocks:6
numberOfInstances:24
numberOfSaccadeTrials:16
numberOfSaccadeBlocks:7
instanceRandomization:[3,4,5,11,9,16,18,13,8,10,15,12,1,7,14,2,17,6,8,16,7,17,1,18,4,10,6,14,12,2,11,13,15,9,5,3,18,4,2,8,5,17,11,16,12,13,9,3,1,14,15,10,6,7]
SaccadeRandomization:[2,0,1,3,2,3,1,0,2,2,1,1,0,0,3,3,1,2,1,2,2,3,1,0,0,3,1,0,3,3,0,2,2,1,1,0,3,1,3,2,1,0,2,3,0,0,2,3,2,1,1,0,0,0,3,3,2,0,1,3,2,2,3,1]
cost:0
reward:1
reward_amount:[0.01,2,2,0.01,1,2,1,1,2,0.01,1,2,0.01,1,1,0.01,2,0.01,1,1,0.01,0.01,2,0.01,1,1,1,2,0.01,2,2,2,0.01,2,0.01,1,2,0.01,1,0.01,1,1,1,0.01,1,0.01,0.01,2,1,0.01,2,2,2,2]
