decision:1
size:0
numberOfTrials:12
numberOfBlocks:6
numberOfInstances:24
numberOfSaccadeTrials:16
numberOfSaccadeBlocks:7
instanceRandomization:[16,10,7,11,14,18,5,2,6,12,9,1,17,3,13,8,15,4,4,17,13,12,1,15,10,9,6,3,7,2,11,14,18,16,5,8,12,4,6,2,11,17,15,16,9,3,18,5,13,10,1,8,7,14]
SaccadeRandomization:[2,0,1,3,2,3,1,0,2,2,1,1,0,0,3,3,1,2,1,2,2,3,1,0,0,3,1,0,3,3,0,2,2,1,1,0,3,1,3,2,1,0,2,3,0,0,2,3,2,1,1,0,0,0,3,3,2,0,1,3,2,2,3,1]
cost:0
reward:1
reward_amount:[2,0.01,1,0.01,1,1,2,0.01,0.01,2,1,0.01,2,0.01,1,2,1,2,1,0.01,2,0.01,2,0.01,1,2,1,1,0.01,2,2,2,0.01,1,0.01,1,1,0.01,2,1,1,1,2,0.01,0.01,2,2,1,0.01,2,1,0.01,2,0.01]
