decision:1
size:0
numberOfTrials:12
numberOfBlocks:6
numberOfInstances:24
numberOfSaccadeTrials:16
numberOfSaccadeBlocks:7
instanceRandomization:[16,10,4,9,8,2,13,15,1,18,3,12,5,7,11,14,17,6,18,6,5,11,9,12,14,17,3,13,4,7,1,16,2,15,10,8,5,11,8,2,14,9,1,18,15,13,17,16,7,12,6,10,4,3]
SaccadeRandomization:[2,0,1,3,2,3,1,0,2,2,1,1,0,0,3,3,1,2,1,2,2,3,1,0,0,3,1,0,3,3,0,2,2,1,1,0,3,1,3,2,1,0,2,3,0,0,2,3,2,1,1,0,0,0,3,3,2,0,1,3,2,2,3,1]
cost:0
reward:1
reward_amount:[2,0.01,2,1,2,0.01,1,1,0.01,1,0.01,2,2,1,0.01,1,2,0.01,0.01,1,0.01,2,2,0.01,2,0.01,1,2,1,0.01,2,1,2,0.01,1,1,1,1,0.01,1,0.01,0.01,1,2,2,0.01,1,0.01,2,1,2,2,0.01,2]
