decision:1
size:0
numberOfTrials:12
numberOfBlocks:6
numberOfInstances:24
numberOfSaccadeTrials:16
numberOfSaccadeBlocks:7
instanceRandomization:[17,2,12,6,4,7,18,11,13,9,3,15,8,1,10,5,14,16,18,1,7,14,4,10,13,6,8,16,11,5,3,12,17,15,9,2,17,8,16,1,11,9,18,6,5,15,3,4,13,12,10,14,2,7]
SaccadeRandomization:[2,0,1,3,2,3,1,0,2,2,1,1,0,0,3,3,1,2,1,2,2,3,1,0,0,3,1,0,3,3,0,2,2,1,1,0,3,1,3,2,1,0,2,3,0,0,2,3,2,1,1,0,0,0,3,3,2,0,1,3,2,2,3,1]
cost:0
reward:1
reward_amount:[2,0.01,2,0.01,2,1,1,0.01,1,1,0.01,1,2,0.01,0.01,2,1,2,0.01,2,0.01,2,1,1,2,1,1,1,2,0.01,1,0.01,0.01,0.01,2,2,1,0.01,0.01,1,1,0.01,2,2,1,2,2,0.01,0.01,1,2,0.01,1,2]
