decision:1
size:0
numberOfTrials:12
numberOfBlocks:6
numberOfInstances:24
numberOfSaccadeTrials:16
numberOfSaccadeBlocks:7
instanceRandomization:[3,5,11,12,16,18,13,7,4,9,2,17,15,1,10,8,14,6,7,5,1,4,10,13,14,18,11,2,15,16,3,6,17,12,9,8,9,14,3,15,2,8,16,12,4,7,10,5,13,6,1,11,17,18]
SaccadeRandomization:[2,0,1,3,2,3,1,0,2,2,1,1,0,0,3,3,1,2,1,2,2,3,1,0,0,3,1,0,3,3,0,2,2,1,1,0,3,1,3,2,1,0,2,3,0,0,2,3,2,1,1,0,0,0,3,3,2,0,1,3,2,2,3,1]
cost:0
reward:1
reward_amount:[0.01,2,0.01,2,2,1,1,1,2,1,0.01,2,1,0.01,0.01,2,1,0.01,0.01,0.01,2,1,1,2,2,0.01,2,2,0.01,1,1,1,0.01,0.01,2,1,0.01,0.01,2,2,1,0.01,0.01,1,0.01,2,2,1,0.01,2,1,1,1,2]
