decision:1
size:0
numberOfTrials:12
numberOfBlocks:6
numberOfInstances:24
numberOfSaccadeTrials:16
numberOfSaccadeBlocks:7
instanceRandomization:[8,15,1,6,11,17,14,10,3,5,2,7,16,4,9,13,12,18,17,12,18,6,4,10,13,8,1,15,14,11,7,16,9,5,2,3,7,14,11,10,2,17,3,16,6,4,8,13,15,12,1,18,5,9]
SaccadeRandomization:[2,0,1,3,2,3,1,0,2,2,1,1,0,0,3,3,1,2,1,2,2,3,1,0,0,3,1,0,3,3,0,2,2,1,1,0,3,1,3,2,1,0,2,3,0,0,2,3,2,1,1,0,0,0,3,3,2,0,1,3,2,2,3,1]
cost:0
reward:1
reward_amount:[2,1,0.01,0.01,0.01,2,1,0.01,0.01,2,0.01,1,2,2,1,1,2,1,0.01,0.01,0.01,1,1,1,2,1,2,0.01,2,2,0.01,1,2,0.01,2,1,2,0.01,1,2,1,1,2,0.01,2,0.01,0.01,0.01,2,1,1,2,1,0.01]
