decision:1
size:0
numberOfTrials:12
numberOfBlocks:6
numberOfInstances:24
numberOfSaccadeTrials:16
numberOfSaccadeBlocks:7
instanceRandomization:[16,14,7,10,17,1,3,8,6,4,5,18,2,11,12,13,15,9,17,12,18,14,11,2,5,3,7,13,15,4,10,9,16,6,1,8,2,12,14,10,17,15,6,3,7,9,16,13,5,11,18,8,4,1]
SaccadeRandomization:[2,0,1,3,2,3,1,0,2,2,1,1,0,0,3,3,1,2,1,2,2,3,1,0,0,3,1,0,3,3,0,2,2,1,1,0,3,1,3,2,1,0,2,3,0,0,2,3,2,1,1,0,0,0,3,3,2,0,1,3,2,2,3,1]
cost:0
reward:1
reward_amount:[2,1,1,0.01,2,0.01,0.01,2,0.01,2,2,1,0.01,0.01,2,1,1,1,0.01,0.01,0.01,2,2,2,0.01,1,0.01,2,0.01,1,1,2,1,1,2,1,1,1,0.01,2,1,2,2,2,2,0.01,0.01,0.01,1,1,2,0.01,0.01,1]
