decision:1
size:0
numberOfTrials:12
numberOfBlocks:6
numberOfInstances:24
numberOfSaccadeTrials:16
numberOfSaccadeBlocks:7
instanceRandomization:[7,16,6,9,13,12,2,3,14,1,4,18,10,8,17,11,15,5,11,12,3,17,10,4,1,13,18,16,5,2,9,15,7,14,6,8,1,16,10,3,15,4,8,13,11,9,6,5,14,7,18,2,12,17]
SaccadeRandomization:[2,0,1,3,2,3,1,0,2,2,1,1,0,0,3,3,1,2,1,2,2,3,1,0,0,3,1,0,3,3,0,2,2,1,1,0,3,1,3,2,1,0,2,3,0,0,2,3,2,1,1,0,0,0,3,3,2,0,1,3,2,2,3,1]
cost:0
reward:1
reward_amount:[1,2,0.01,1,1,2,0.01,0.01,1,0.01,2,1,0.01,2,2,0.01,1,2,2,0.01,1,0.01,1,1,2,2,0.01,1,0.01,2,2,0.01,0.01,2,1,1,1,0.01,2,2,2,0.01,0.01,0.01,1,0.01,2,1,0.01,2,2,1,1,1]
