decision:1
size:0
numberOfTrials:12
numberOfBlocks:6
numberOfInstances:24
numberOfSaccadeTrials:16
numberOfSaccadeBlocks:7
instanceRandomization:[7,13,5,3,14,9,4,11,15,2,6,18,10,16,17,8,12,1,6,12,16,8,7,2,15,5,14,3,1,18,17,4,9,11,10,13,9,7,5,8,6,15,14,18,1,13,12,10,11,16,3,4,17,2]
SaccadeRandomization:[2,0,1,3,2,3,1,0,2,2,1,1,0,0,3,3,1,2,1,2,2,3,1,0,0,3,1,0,3,3,0,2,2,1,1,0,3,1,3,2,1,0,2,3,0,0,2,3,2,1,1,0,0,0,3,3,2,0,1,3,2,2,3,1]
cost:0
reward:1
reward_amount:[1,1,2,0.01,1,1,2,0.01,1,0.01,0.01,1,0.01,2,2,2,2,0.01,1,0.01,1,1,0.01,2,0.01,0.01,2,1,2,0.01,0.01,1,2,2,1,2,0.01,2,1,0.01,2,2,0.01,2,1,0.01,1,2,1,0.01,2,0.01,1,1]
