decision:1
size:0
numberOfTrials:12
numberOfBlocks:6
numberOfInstances:24
numberOfSaccadeTrials:16
numberOfSaccadeBlocks:7
instanceRandomization:[11,6,12,8,1,3,16,15,14,13,9,5,10,17,7,4,18,2,7,14,18,16,9,11,1,5,3,10,13,17,4,6,2,15,12,8,1,10,14,4,15,5,9,13,7,6,12,3,16,8,11,18,17,2]
SaccadeRandomization:[2,0,1,3,2,3,1,0,2,2,1,1,0,0,3,3,1,2,1,2,2,3,1,0,0,3,1,0,3,3,0,2,2,1,1,0,3,1,3,2,1,0,2,3,0,0,2,3,2,1,1,0,0,0,3,3,2,0,1,3,2,2,3,1]
cost:0
reward:1
reward_amount:[0.01,0.01,2,2,0.01,0.01,2,1,1,1,1,2,0.01,2,1,2,1,0.01,0.01,2,0.01,1,2,2,2,0.01,1,1,2,0.01,1,1,2,0.01,0.01,1,1,2,0.01,0.01,2,1,0.01,0.01,2,2,1,2,0.01,0.01,1,2,1,1]
