decision:1
size:0
numberOfTrials:12
numberOfBlocks:6
numberOfInstances:24
numberOfSaccadeTrials:16
numberOfSaccadeBlocks:7
instanceRandomization:[1,9,11,6,13,8,14,2,16,10,7,12,18,15,17,4,5,3,17,4,11,12,7,5,6,13,18,14,16,10,1,2,15,8,3,9,10,4,12,11,15,3,13,6,18,1,14,16,17,2,9,5,8,7]
SaccadeRandomization:[2,0,1,3,2,3,1,0,2,2,1,1,0,0,3,3,1,2,1,2,2,3,1,0,0,3,1,0,3,3,0,2,2,1,1,0,3,1,3,2,1,0,2,3,0,0,2,3,2,1,1,0,0,0,3,3,2,0,1,3,2,2,3,1]
cost:0
reward:1
reward_amount:[0.01,1,0.01,0.01,1,2,1,0.01,2,0.01,1,2,1,1,2,2,2,0.01,0.01,1,2,0.01,0.01,0.01,1,2,0.01,2,1,1,2,2,0.01,1,1,2,2,0.01,1,1,2,2,0.01,2,2,1,0.01,0.01,1,1,0.01,1,0.01,2]
