decision:1
size:0
numberOfTrials:12
numberOfBlocks:6
numberOfInstances:24
numberOfSaccadeTrials:16
numberOfSaccadeBlocks:7
instanceRandomization:[3,14,10,4,17,12,6,18,11,15,1,5,9,16,7,13,8,2,6,18,9,10,5,15,16,2,7,4,1,12,17,3,13,11,8,14,16,9,5,7,17,4,15,2,11,10,13,6,18,12,14,1,8,3]
SaccadeRandomization:[2,0,1,3,2,3,1,0,2,2,1,1,0,0,3,3,1,2,1,2,2,3,1,0,0,3,1,0,3,3,0,2,2,1,1,0,3,1,3,2,1,0,2,3,0,0,2,3,2,1,1,0,0,0,3,3,2,0,1,3,2,2,3,1]
cost:0
reward:1
reward_amount:[0.01,1,0.01,2,2,2,0.01,1,0.01,1,0.01,2,1,2,1,1,2,0.01,1,0.01,2,1,0.01,0.01,1,2,0.01,1,2,0.01,0.01,1,2,2,1,2,0.01,0.01,1,2,1,0.01,2,1,1,2,0.01,2,2,1,0.01,1,0.01,2]
