decision:1
size:0
numberOfTrials:12
numberOfBlocks:6
numberOfInstances:24
numberOfSaccadeTrials:16
numberOfSaccadeBlocks:7
instanceRandomization:[2,11,6,16,4,12,14,15,8,10,9,17,1,13,7,5,18,3,12,9,4,11,6,15,3,16,14,17,5,8,7,10,2,18,1,13,14,5,11,12,18,1,17,2,8,6,16,13,3,9,7,10,4,15]
SaccadeRandomization:[2,0,1,3,2,3,1,0,2,2,1,1,0,0,3,3,1,2,1,2,2,3,1,0,0,3,1,0,3,3,0,2,2,1,1,0,3,1,3,2,1,0,2,3,0,0,2,3,2,1,1,0,0,0,3,3,2,0,1,3,2,2,3,1]
cost:0
reward:1
reward_amount:[0.01,0.01,0.01,2,2,2,1,1,2,0.01,1,2,0.01,1,1,2,1,0.01,0.01,2,1,2,1,0.01,1,1,2,0.01,0.01,1,0.01,1,2,0.01,2,2,0.01,1,1,1,2,1,1,1,0.01,2,0.01,0.01,2,0.01,2,2,0.01,2]
