decision:1
size:0
numberOfTrials:12
numberOfBlocks:6
numberOfInstances:24
numberOfSaccadeTrials:16
numberOfSaccadeBlocks:7
instanceRandomization:[1,14,15,6,2,10,13,8,12,11,4,18,7,17,3,5,9,16,3,6,13,17,12,7,9,2,16,18,8,4,11,1,14,5,15,10,5,12,7,4,8,16,17,15,6,14,2,18,13,11,1,3,10,9]
SaccadeRandomization:[2,0,1,3,2,3,1,0,2,2,1,1,0,0,3,3,1,2,1,2,2,3,1,0,0,3,1,0,3,3,0,2,2,1,1,0,3,1,3,2,1,0,2,3,0,0,2,3,2,1,1,0,0,0,3,3,2,0,1,3,2,2,3,1]
cost:0
reward:1
reward_amount:[0.01,1,1,0.01,0.01,0.01,1,2,2,0.01,2,1,1,2,0.01,2,1,2,1,1,2,0.01,0.01,0.01,2,2,1,0.01,1,1,2,2,2,0.01,0.01,1,1,1,2,0.01,0.01,0.01,1,2,2,0.01,1,2,0.01,1,1,2,2,0.01]
