decision:1
size:0
numberOfTrials:12
numberOfBlocks:6
numberOfInstances:24
numberOfSaccadeTrials:16
numberOfSaccadeBlocks:7
instanceRandomization:[18,16,2,3,10,12,1,17,9,15,4,11,6,5,13,7,8,14,8,7,18,2,9,15,14,3,6,16,10,4,5,12,1,17,13,11,12,18,7,16,4,17,3,8,1,15,2,9,14,10,5,6,11,13]
SaccadeRandomization:[2,0,1,3,2,3,1,0,2,2,1,1,0,0,3,3,1,2,1,2,2,3,1,0,0,3,1,0,3,3,0,2,2,1,1,0,3,1,3,2,1,0,2,3,0,0,2,3,2,1,1,0,0,0,3,3,2,0,1,3,2,2,3,1]
cost:0
reward:1
reward_amount:[1,2,0.01,0.01,0.01,2,0.01,2,1,1,2,0.01,0.01,2,1,1,2,1,1,0.01,0.01,2,2,0.01,2,1,1,1,1,1,0.01,0.01,2,0.01,2,2,1,2,2,0.01,0.01,1,2,0.01,1,2,1,0.01,0.01,2,1,2,1,0.01]
