decision:1
size:0
numberOfTrials:12
numberOfBlocks:6
numberOfInstances:24
numberOfSaccadeTrials:16
numberOfSaccadeBlocks:7
instanceRandomization:[9,15,17,5,6,13,4,10,7,2,3,12,8,18,16,14,1,11,17,18,14,5,9,10,4,8,2,6,1,13,3,12,7,11,16,15,17,1,10,8,16,2,13,7,6,4,12,11,3,15,18,5,9,14]
SaccadeRandomization:[2,0,1,3,2,3,1,0,2,2,1,1,0,0,3,3,1,2,1,2,2,3,1,0,0,3,1,0,3,3,0,2,2,1,1,0,3,1,3,2,1,0,2,3,0,0,2,3,2,1,1,0,0,0,3,3,2,0,1,3,2,2,3,1]
cost:0
reward:1
reward_amount:[1,1,2,2,0.01,1,2,0.01,1,0.01,0.01,2,2,1,2,1,0.01,0.01,0.01,0.01,2,0.01,2,1,1,1,2,1,2,2,1,0.01,0.01,2,1,0.01,1,1,2,0.01,0.01,1,0.01,2,2,0.01,1,1,2,2,2,1,0.01,0.01]
