decision:1
size:0
numberOfTrials:12
numberOfBlocks:6
numberOfInstances:24
numberOfSaccadeTrials:16
numberOfSaccadeBlocks:7
instanceRandomization:[10,14,6,5,9,12,15,1,13,17,2,8,18,11,7,4,16,3,1,12,16,7,15,5,10,14,2,8,17,3,4,18,6,11,9,13,9,13,15,1,8,7,5,17,4,18,2,12,3,11,16,14,6,10]
SaccadeRandomization:[2,0,1,3,2,3,1,0,2,2,1,1,0,0,3,3,1,2,1,2,2,3,1,0,0,3,1,0,3,3,0,2,2,1,1,0,3,1,3,2,1,0,2,3,0,0,2,3,2,1,1,0,0,0,3,3,2,0,1,3,2,2,3,1]
cost:0
reward:1
reward_amount:[0.01,1,0.01,2,1,2,1,0.01,1,2,0.01,2,1,0.01,1,2,2,0.01,2,0.01,1,0.01,0.01,0.01,1,2,2,1,0.01,1,1,0.01,1,2,2,2,0.01,0.01,2,1,0.01,2,1,1,0.01,2,1,1,2,1,0.01,0.01,2,2]
