decision:1
size:0
numberOfTrials:12
numberOfBlocks:6
numberOfInstances:24
numberOfSaccadeTrials:16
numberOfSaccadeBlocks:7
instanceRandomization:[17,12,3,15,13,9,8,6,2,14,1,10,11,18,4,16,7,5,16,6,12,18,2,11,10,3,13,9,5,17,4,15,8,7,1,14,15,16,3,13,9,5,12,8,4,1,17,14,7,11,2,10,6,18]
SaccadeRandomization:[2,0,1,3,2,3,1,0,2,2,1,1,0,0,3,3,1,2,1,2,2,3,1,0,0,3,1,0,3,3,0,2,2,1,1,0,3,1,3,2,1,0,2,3,0,0,2,3,2,1,1,0,0,0,3,3,2,0,1,3,2,2,3,1]
cost:0
reward:1
reward_amount:[2,2,0.01,1,1,1,2,0.01,0.01,1,0.01,0.01,0.01,1,2,2,1,2,1,1,0.01,0.01,2,2,1,1,2,2,0.01,0.01,1,0.01,1,0.01,2,2,2,0.01,2,0.01,0.01,1,1,0.01,0.01,1,1,0.01,2,1,1,2,2,2]
