decision:1
size:0
numberOfTrials:12
numberOfBlocks:6
numberOfInstances:24
numberOfSaccadeTrials:16
numberOfSaccadeBlocks:7
instanceRandomization:[8,1,13,7,3,6,11,14,15,12,4,16,10,17,9,2,5,18,6,17,3,12,11,2,13,9,18,14,5,8,7,1,4,16,10,15,12,13,8,2,14,10,16,5,3,15,6,17,9,7,4,11,18,1]
SaccadeRandomization:[2,0,1,3,2,3,1,0,2,2,1,1,0,0,3,3,1,2,1,2,2,3,1,0,0,3,1,0,3,3,0,2,2,1,1,0,3,1,3,2,1,0,2,3,0,0,2,3,2,1,1,0,0,0,3,3,2,0,1,3,2,2,3,1]
cost:0
reward:1
reward_amount:[2,0.01,1,1,0.01,0.01,0.01,1,1,2,2,2,0.01,2,1,0.01,2,1,1,0.01,1,0.01,2,2,2,2,0.01,2,0.01,1,0.01,2,1,1,1,0.01,1,0.01,0.01,1,0.01,2,0.01,1,2,2,2,1,0.01,2,0.01,1,2,1]
